259
15
11266
11300
11301
11302
11303
11304
16048
16049
16050
16051
16052
16053
16067
16070
15
81
82
83
88
11268
11269
11270
11271
11272
11273
11274
11275
18050
18051
9
16042
16043
16044
16045
16046
16047
16054
16055
17
18052
18053
18057
18058
18059
18060
18061
18062
18063
18064
18065
18066
18067
18068
18069
18070
7
87
88
11265
11271
18050
18051
7
10033
10040
16061
16062
16063
16064
7
59
60
90
91
16002
16003
13
15130
15131
15132
15133
15134
15135
15136
15137
15138
15139
15140
15141
27
15107
15108
15109
15110
15111
15112
15113
15114
15115
15116
15117
15118
15119
15120
15121
15122
15123
15124
15125
15126
15127
15128
15150
15151
15152
15153
9
14020
14021
14022
14023
15055
15056
15057
15058
25
15001
15002
15003
15004
15005
15006
15007
15008
15012
15013
15014
15015
15060
15061
15062
15063
15064
15065
15066
15067
15068
15069
15070
15071
27
15020
15021
15022
15025
15026
15027
15028
15030
15031
15032
15033
15034
15035
15072
15073
15074
15075
15076
15077
15078
15079
15080
15081
15082
15083
15084
27
15085
15086
15087
15088
15089
15090
15091
15092
15093
15094
15095
15096
15097
16020
16021
16022
16024
16025
16026
16027
16030
16031
16032
16033
16034
16035
9
18027
18028
18029
18030
18088
18089
18090
18091
3
15053
15054
13
73
11235
11237
11258
15036
15099
15101
15103
15105
15145
15146
16006
15
14094
15036
15037
15051
15053
15054
15098
15100
15102
15104
15147
15148
16006
16007
5
11223
14999
15052
15059
9
16042
16043
16044
16045
16046
16047
16054
16055
