0,158
1,76
2,1
3,3,18690
4,1
5,255,2876674
1,76
2,1
3,3,3853824
4,1
5,255,3853568
1,76
2,1
3,3,4101120
4,1
5,255,2876674
1,76
2,1
3,2,2876162
4,1
5,255,2876674
1,76
2,1
3,2,3845120
4,1
5,255,3853568
1,76
2,1
3,2,3853058
4,1
5,255,3853568
1,76
2,2
3,3,2873090
3,2,2873088
4,1
5,255,3839744
1,76
2,2
3,2,2873088
3,3,2873090
4,1
5,255,3839744
1,137
2,1
3,3,18688
4,1
5,255,2876162
1,137
2,1
3,3,3853570
4,1
5,255,3853826
1,137
2,1
3,3,3858432
4,1
5,255,2876162
1,137
2,1
3,0,2876674
4,1
5,255,2876162
1,137
2,1
3,0,3853058
4,1
5,255,3853826
1,137
2,1
3,0,3861760
4,1
5,255,3853826
1,137
2,2
3,3,3853312
3,0,3853314
4,1
5,255,3855104
1,137
2,2
3,0,3853314
3,3,3853312
4,1
5,255,3855104
1,38
2,1
3,2,2876672
4,1
5,255,2876160
1,38
2,1
3,2,3853056
4,1
5,255,3853824
1,38
2,1
3,2,3861762
4,1
5,255,3853824
1,38
2,1
3,1,18690
4,1
5,255,2876160
1,38
2,1
3,1,3853568
4,1
5,255,3853824
1,38
2,1
3,1,3858434
4,1
5,255,2876160
1,38
2,2
3,2,3853312
3,1,3853314
4,1
5,255,3855106
1,38
2,2
3,1,3853314
3,2,3853312
4,1
5,255,3855106
1,19
2,1
3,0,2876160
4,1
5,255,2876672
1,19
2,1
3,0,3845122
4,1
5,255,3853570
1,19
2,1
3,0,3853056
4,1
5,255,3853570
1,19
2,1
3,1,18688
4,1
5,255,2876672
1,19
2,1
3,1,3853826
4,1
5,255,3853570
1,19
2,1
3,1,4101122
4,1
5,255,2876672
1,19
2,2
3,0,2873090
3,1,2873088
4,1
5,255,3839746
1,19
2,2
3,1,2873088
3,0,2873090
4,1
5,255,3839746
1,204
2,1
3,3,3858688
4,1
5,255,2876674
1,204
2,1
3,3,3867136
4,1
5,255,3853314
1,204
2,2
3,7,3853314
3,3,3867136
4,1
5,255,3853314
1,204
2,2
3,255,1
3,2,3853058
4,1
5,255,3853568
1,201
2,1
3,3,2873344
4,1
5,255,2873088
1,201
2,1
3,3,4103936
4,1
5,255,2876162
1,201
2,2
3,6,2873088
3,3,2873344
4,1
5,255,2873088
1,201
2,2
3,255,1
3,0,3853058
4,1
5,255,3853826
1,108
2,1
3,2,3863810
4,1
5,255,3853568
1,108
2,1
3,2,3867136
4,1
5,255,3853314
1,108
2,2
3,255,1
3,3,18690
4,1
5,255,2876674
1,108
2,2
3,5,3853314
3,2,3867136
4,1
5,255,3853314
1,92
2,1
3,3,18690
4,1
5,255,2876674
1,92
2,1
3,2,3853058
4,1
5,255,3853568
1,92
2,2
3,3,2873090
3,2,2873088
4,1
5,255,3839744
1,92
2,2
3,2,2873088
3,3,2873090
4,1
5,255,3839744
1,102
2,1
3,2,2873344
4,1
5,255,2873090
1,102
2,1
3,2,3845376
4,1
5,255,3853824
1,102
2,2
3,6,2873090
3,2,2873344
4,1
5,255,2873090
1,102
2,2
3,255,1
3,1,18690
4,1
5,255,2876160
1,83
2,1
3,0,3853056
4,1
5,255,3853570
1,83
2,1
3,1,18688
4,1
5,255,2876672
1,83
2,2
3,0,2873090
3,1,2873088
4,1
5,255,3839746
1,83
2,2
3,1,2873088
3,0,2873090
4,1
5,255,3839746
1,169
2,1
3,3,18688
4,1
5,255,2876162
1,169
2,1
3,0,3853058
4,1
5,255,3853826
1,169
2,2
3,3,3853312
3,0,3853314
4,1
5,255,3855104
1,169
2,2
3,0,3853314
3,3,3853312
4,1
5,255,3855104
1,153
2,1
3,0,2873344
4,1
5,255,2873088
1,153
2,1
3,0,3845378
4,1
5,255,3853826
1,153
2,2
3,255,1
3,3,18688
4,1
5,255,2876162
1,153
2,2
3,4,2873088
3,0,2873344
4,1
5,255,2873088
1,166
2,1
3,2,3853056
4,1
5,255,3853824
1,166
2,1
3,1,18690
4,1
5,255,2876160
1,166
2,2
3,2,3853312
3,1,3853314
4,1
5,255,3855106
1,166
2,2
3,1,3853314
3,2,3853312
4,1
5,255,3855106
1,147
2,1
3,0,3863808
4,1
5,255,3853570
1,147
2,1
3,0,3867136
4,1
5,255,3853312
1,147
2,2
3,7,3853312
3,0,3867136
4,1
5,255,3853312
1,147
2,2
3,255,1
3,1,18688
4,1
5,255,2876672
1,54
2,1
3,1,2873344
4,1
5,255,2873090
1,54
2,1
3,1,4103938
4,1
5,255,2876160
1,54
2,2
3,255,1
3,2,3853056
4,1
5,255,3853824
1,54
2,2
3,4,2873090
3,1,2873344
4,1
5,255,2873090
1,51
2,1
3,1,3858690
4,1
5,255,2876672
1,51
2,1
3,1,3867136
4,1
5,255,3853312
1,51
2,2
3,255,1
3,0,3853056
4,1
5,255,3853570
1,51
2,2
3,5,3853312
3,1,3867136
4,1
5,255,3853312
1,205
2,0
4,1
5,255,3853058
1,236
2,0
4,1
5,255,3853314
1,220
2,2
3,7,3853314
3,3,3867136
4,1
5,255,3853314
1,233
2,2
3,6,2873088
3,3,2873344
4,1
5,255,2873088
1,217
2,0
4,1
5,255,2873088
1,110
2,0
4,1
5,255,18690
1,124
2,2
3,5,3853314
3,2,3867136
4,1
5,255,3853314
1,230
2,2
3,6,2873090
3,2,2873344
4,1
5,255,2873090
1,211
2,2
3,7,3853312
3,0,3867136
4,1
5,255,3853312
1,118
2,0
4,1
5,255,2873090
1,115
2,2
3,5,3853312
3,1,3867136
4,1
5,255,3853312
1,185
2,2
3,4,2873088
3,0,2873344
4,1
5,255,2873088
1,155
2,0
4,1
5,255,18688
1,182
2,2
3,4,2873090
3,1,2873344
4,1
5,255,2873090
1,179
2,0
4,1
5,255,3853312
1,55
2,0
4,1
5,255,3853056
1,237
2,1
3,2,3589120
4,1
5,255,3853058
1,237
2,1
3,2,3863810
4,1
5,255,3853058
1,237
2,1
3,5,3853314
4,1
5,255,3853058
1,237
2,1
3,5,3853568
4,1
5,255,3853058
1,221
2,1
3,0,3845378
4,1
5,255,3853058
1,221
2,1
3,0,3854080
4,1
5,255,3853058
1,221
2,1
3,4,2873088
4,1
5,255,3853058
1,221
2,1
3,4,3853826
4,1
5,255,3853058
1,238
2,1
3,3,3589120
4,1
5,255,18690
1,238
2,1
3,3,3858688
4,1
5,255,18690
1,238
2,1
3,7,2876674
4,1
5,255,18690
1,238
2,1
3,7,3853314
4,1
5,255,18690
1,252
2,0
4,1
5,255,3853314
1,249
2,0
4,1
5,255,2873088
1,219
2,1
3,6,2873088
4,1
5,255,18688
1,219
2,1
3,6,2876162
4,1
5,255,18688
1,219
2,1
3,3,3854080
4,1
5,255,18688
1,219
2,1
3,3,4103936
4,1
5,255,18688
1,95
2,0
4,1
5,255,2873344
1,126
2,1
3,1,3854082
4,1
5,255,18690
1,126
2,1
3,1,4103938
4,1
5,255,18690
1,126
2,1
3,4,2873090
4,1
5,255,18690
1,126
2,1
3,4,2876160
4,1
5,255,18690
1,246
2,0
4,1
5,255,2873090
1,243
2,0
4,1
5,255,3853312
1,119
2,1
3,6,2873090
4,1
5,255,3853056
1,119
2,1
3,6,3853824
4,1
5,255,3853056
1,119
2,1
3,2,3845376
4,1
5,255,3853056
1,119
2,1
3,2,3854082
4,1
5,255,3853056
1,175
2,0
4,1
5,255,3867136
1,187
2,1
3,5,2876672
4,1
5,255,18688
1,187
2,1
3,5,3853312
4,1
5,255,18688
1,187
2,1
3,1,3589122
4,1
5,255,18688
1,187
2,1
3,1,3858690
4,1
5,255,18688
1,183
2,1
3,7,3853312
4,1
5,255,3853056
1,183
2,1
3,7,3853570
4,1
5,255,3853056
1,183
2,1
3,0,3589122
4,1
5,255,3853056
1,183
2,1
3,0,3863808
4,1
5,255,3853056
1,239
2,1
3,6,2876672
4,1
5,255,3589120
1,239
2,1
3,6,3853570
4,1
5,255,3589120
1,239
2,1
3,0,3853314
4,1
5,255,3867136
1,239
2,1
3,1,3853314
4,1
5,255,3867136
1,239
2,2
3,0,2876674
3,1,18690
4,1
5,255,3589120
1,239
2,2
3,1,3853568
3,0,3853058
4,1
5,255,3589120
1,223
2,1
3,7,2876160
4,1
5,255,3854080
1,223
2,1
3,7,3853824
4,1
5,255,3854080
1,223
2,1
3,2,2873088
4,1
5,255,2873344
1,223
2,1
3,1,2873088
4,1
5,255,2873344
1,223
2,2
3,2,2876162
3,1,18688
4,1
5,255,3854080
1,223
2,2
3,1,3853826
3,2,3853058
4,1
5,255,3854080
1,127
2,1
3,3,2873090
4,1
5,255,2873344
1,127
2,1
3,0,2873090
4,1
5,255,2873344
1,127
2,1
3,5,2876162
4,1
5,255,3854082
1,127
2,1
3,5,3853826
4,1
5,255,3854082
1,127
2,2
3,3,3853824
3,0,3853056
4,1
5,255,3854082
1,127
2,2
3,0,2876160
3,3,18690
4,1
5,255,3854082
1,191
2,1
3,3,3853312
4,1
5,255,3867136
1,191
2,1
3,2,3853312
4,1
5,255,3867136
1,191
2,1
3,4,2876674
4,1
5,255,3589122
1,191
2,1
3,4,3853568
4,1
5,255,3589122
1,191
2,2
3,3,3853570
3,2,3853056
4,1
5,255,3589122
1,191
2,2
3,2,2876672
3,3,18688
4,1
5,255,3589122
