0,673
1,256
2,2
3,6,2876672
3,255,3589120
4,3
5,6,3589632
5,2,3589888
5,3,3589376
1,256
2,2
3,2,3853056
3,255,3877632
4,1
5,255,3853056
1,256
2,2
3,2,3853058
3,255,3877888
4,1
5,255,3853058
1,256
2,2
3,2,3855362
3,255,1
4,1
5,255,3878144
1,256
2,2
3,2,3855872
3,255,1
4,1
5,255,3878144
1,256
2,2
3,2,3856128
3,255,1
4,1
5,255,3878144
1,256
2,2
3,2,3856384
3,255,1
4,1
5,255,3878144
1,256
2,2
3,2,3856640
3,255,1
4,1
5,255,3878144
1,256
2,2
3,2,3857154
3,255,1
4,1
5,255,3878144
1,256
2,2
3,2,3858434
3,255,1
4,1
5,255,3878144
1,256
2,2
3,2,3858944
3,255,1
4,1
5,255,3878144
1,256
2,2
3,2,3859456
3,255,1
4,1
5,255,3878144
1,256
2,2
3,2,3859970
3,255,1
4,1
5,255,3878144
1,256
2,2
3,2,3860226
3,255,1
4,1
5,255,3878144
1,256
2,2
3,2,3860482
3,255,1
4,1
5,255,3878144
1,256
2,2
3,2,3860992
3,255,1
4,1
5,255,3878144
1,256
2,2
3,2,3861248
3,255,1
4,1
5,255,3878144
1,256
2,2
3,2,3869442
3,255,3853058
4,1
5,255,3877888
1,256
2,2
3,2,3869698
3,255,3853056
4,1
5,255,3877632
1,256
2,2
3,2,3869952
3,255,1
4,1
5,255,3878144
1,256
2,2
3,2,3870208
3,255,1
4,1
5,255,3878144
1,256
2,2
3,2,3870466
3,255,1
4,1
5,255,3869442
1,256
2,2
3,2,3870466
3,255,3853058
4,1
5,255,3869442
1,256
2,2
3,2,3870466
3,255,3878144
4,1
5,255,3869442
1,256
2,2
3,2,3870722
3,255,1
4,1
5,255,3869698
1,256
2,2
3,2,3870722
3,255,3853056
4,1
5,255,3869698
1,256
2,2
3,2,3870722
3,255,3878144
4,1
5,255,3869698
1,256
2,2
3,2,3873792
3,255,1
4,1
5,255,3878144
1,256
2,2
3,2,3873794
3,255,1
4,1
5,255,3870978
1,256
2,2
3,2,3873794
3,255,3878144
4,1
5,255,3870978
1,256
2,2
3,2,3874048
3,255,1
4,1
5,255,3871232
1,256
2,2
3,2,3874048
3,255,3878144
4,1
5,255,3871232
1,256
2,2
3,2,3874050
3,255,1
4,1
5,255,3878144
1,256
2,2
3,2,3874816
3,255,1
4,1
5,255,3878144
1,256
2,2
3,2,3875072
3,255,1
4,1
5,255,18688
1,256
2,2
3,2,3875072
3,255,3878144
4,1
5,255,18688
1,256
2,2
3,2,3875074
3,255,1
4,1
5,255,3878144
1,256
2,2
3,2,3875840
3,255,1
4,1
5,255,3878144
1,256
2,2
3,2,3876096
3,255,1
4,1
5,255,18688
1,256
2,2
3,2,3876096
3,255,3854080
4,1
5,255,18688
1,256
2,2
3,2,3876096
3,255,3878144
4,1
5,255,18688
1,256
2,2
3,2,3876098
3,255,1
4,1
5,255,3878144
1,256
2,2
3,2,4101120
3,255,1
4,1
5,255,3878144
1,256
2,2
3,2,4101376
3,255,1
4,1
5,255,3878144
1,256
2,2
3,2,4101632
3,255,1
4,1
5,255,3878144
1,256
2,2
3,2,4102144
3,255,1
4,1
5,255,3878144
1,256
2,2
3,2,4102658
3,255,1
4,1
5,255,3878144
1,256
2,2
3,2,4103682
3,255,1
4,1
5,255,3878144
1,256
2,2
3,2,4104706
3,255,1
4,1
5,255,3878144
1,256
2,2
3,2,4104962
3,255,1
4,1
5,255,3878144
1,256
2,2
3,5,2876162
3,255,3854082
4,3
5,2,3854338
5,5,3854594
5,1,3854850
1,256
2,2
3,5,3853826
3,255,3854082
4,3
5,2,3854338
5,5,3854594
5,1,3854850
1,256
2,2
3,3,18688
3,255,3877120
4,1
5,255,18688
1,256
2,2
3,3,18690
3,255,3877376
4,1
5,255,18690
1,256
2,2
3,3,3840256
3,255,1
4,1
5,255,3878144
1,256
2,2
3,3,3840770
3,255,1
4,1
5,255,3878144
1,256
2,2
3,3,3841026
3,255,1
4,1
5,255,3878144
1,256
2,2
3,3,3841282
3,255,1
4,1
5,255,3878144
1,256
2,2
3,3,3841538
3,255,1
4,1
5,255,3878144
1,256
2,2
3,3,3842048
3,255,1
4,1
5,255,3878144
1,256
2,2
3,3,3845120
3,255,1
4,1
5,255,3878144
1,256
2,2
3,3,3845634
3,255,1
4,1
5,255,3878144
1,256
2,2
3,3,3846658
3,255,1
4,1
5,255,3878144
1,256
2,2
3,3,3847168
3,255,1
4,1
5,255,3878144
1,256
2,2
3,3,3847680
3,255,1
4,1
5,255,3878144
1,256
2,2
3,3,3847936
3,255,1
4,1
5,255,3878144
1,256
2,2
3,3,3848450
3,255,1
4,1
5,255,3878144
1,256
2,2
3,3,3848706
3,255,1
4,1
5,255,3878144
1,256
2,2
3,3,3861760
3,255,1
4,1
5,255,3878144
1,256
2,2
3,3,3862016
3,255,1
4,1
5,255,3878144
1,256
2,2
3,3,3862272
3,255,1
4,1
5,255,3878144
1,256
2,2
3,3,3862528
3,255,1
4,1
5,255,3878144
1,256
2,2
3,3,3863042
3,255,1
4,1
5,255,3878144
1,256
2,2
3,3,3863554
3,255,1
4,1
5,255,3878144
1,256
2,2
3,3,3864578
3,255,1
4,1
5,255,3878144
1,256
2,2
3,3,3864834
3,255,1
4,1
5,255,3878144
1,256
2,2
3,3,3869442
3,255,1
4,1
5,255,3878144
1,256
2,2
3,3,3869696
3,255,1
4,1
5,255,3878144
1,256
2,2
3,3,3869954
3,255,18688
4,1
5,255,3877120
1,256
2,2
3,3,3870208
3,255,18690
4,1
5,255,3877376
1,256
2,2
3,3,3870978
3,255,1
4,1
5,255,3869954
1,256
2,2
3,3,3870978
3,255,18688
4,1
5,255,3869954
1,256
2,2
3,3,3870978
3,255,3878144
4,1
5,255,3869954
1,256
2,2
3,3,3871234
3,255,1
4,1
5,255,3870208
1,256
2,2
3,3,3871234
3,255,18690
4,1
5,255,3870208
1,256
2,2
3,3,3871234
3,255,3878144
4,1
5,255,3870208
1,256
2,2
3,3,3873280
3,255,1
4,1
5,255,3870464
1,256
2,2
3,3,3873280
3,255,3878144
4,1
5,255,3870464
1,256
2,2
3,3,3873282
3,255,1
4,1
5,255,3878144
1,256
2,2
3,3,3873536
3,255,1
4,1
5,255,3878144
1,256
2,2
3,3,3873538
3,255,1
4,1
5,255,3870722
1,256
2,2
3,3,3873538
3,255,3878144
4,1
5,255,3870722
1,256
2,2
3,3,3874304
3,255,1
4,1
5,255,3853056
1,256
2,2
3,3,3874304
3,255,3878144
4,1
5,255,3853056
1,256
2,2
3,3,3874306
3,255,1
4,1
5,255,3878144
1,256
2,2
3,3,3874560
3,255,1
4,1
5,255,3878144
1,256
2,2
3,3,3874562
3,255,1
4,1
5,255,3853056
1,256
2,2
3,3,3874562
3,255,3878144
4,1
5,255,3853056
1,256
2,2
3,3,3875328
3,255,1
4,1
5,255,3853056
1,256
2,2
3,3,3875328
3,255,3854082
4,1
5,255,3853056
1,256
2,2
3,3,3875328
3,255,3878144
4,1
5,255,3853056
1,256
2,2
3,3,3875330
3,255,1
4,1
5,255,3878144
1,256
2,2
3,3,3875584
3,255,1
4,1
5,255,3878144
1,256
2,2
3,3,3875586
3,255,1
4,1
5,255,3853056
1,256
2,2
3,3,3875586
3,255,3589122
4,1
5,255,3853056
1,256
2,2
3,3,3875586
3,255,3878144
4,1
5,255,3853056
1,256
2,2
3,255,1
3,2,3874818
4,1
5,255,18688
1,256
2,2
3,255,1
3,2,3875842
4,1
5,255,18688
1,256
2,2
3,255,1
3,1,3840258
4,1
5,255,3878144
1,256
2,2
3,255,1
3,1,3840768
4,1
5,255,3878144
1,256
2,2
3,255,1
3,1,3841024
4,1
5,255,3878144
1,256
2,2
3,255,1
3,1,3841280
4,1
5,255,3878144
1,256
2,2
3,255,1
3,1,3841536
4,1
5,255,3878144
1,256
2,2
3,255,1
3,1,3842050
4,1
5,255,3878144
1,256
2,2
3,255,1
3,1,3845122
4,1
5,255,3878144
1,256
2,2
3,255,1
3,1,3847170
4,1
5,255,3878144
1,256
2,2
3,255,1
3,1,3847682
4,1
5,255,3878144
1,256
2,2
3,255,1
3,1,3847938
4,1
5,255,3878144
1,256
2,2
3,255,1
3,1,3861762
4,1
5,255,3878144
1,256
2,2
3,255,1
3,1,3862018
4,1
5,255,3878144
1,256
2,2
3,255,1
3,1,3862274
4,1
5,255,3878144
1,256
2,2
3,255,1
3,1,3862530
4,1
5,255,3878144
1,256
2,2
3,255,1
3,1,3863040
4,1
5,255,3878144
1,256
2,2
3,255,1
3,1,3863552
4,1
5,255,3878144
1,256
2,2
3,255,1
3,1,3864576
4,1
5,255,3878144
1,256
2,2
3,255,1
3,1,3864832
4,1
5,255,3878144
1,256
2,2
3,255,1
3,1,3869440
4,1
5,255,3878144
1,256
2,2
3,255,1
3,1,3869698
4,1
5,255,3878144
1,256
2,2
3,255,1
3,1,3870976
4,1
5,255,3869952
1,256
2,2
3,255,1
3,1,3871232
4,1
5,255,3870210
1,256
2,2
3,255,1
3,1,3873280
4,1
5,255,3878144
1,256
2,2
3,255,1
3,1,3873282
4,1
5,255,3870466
1,256
2,2
3,255,1
3,1,3873536
4,1
5,255,3870720
1,256
2,2
3,255,1
3,1,3873538
4,1
5,255,3878144
1,256
2,2
3,255,1
3,1,3874304
4,1
5,255,3878144
1,256
2,2
3,255,1
3,1,3874306
4,1
5,255,3853058
1,256
2,2
3,255,1
3,1,3874560
4,1
5,255,3853058
1,256
2,2
3,255,1
3,1,3874562
4,1
5,255,3878144
1,256
2,2
3,255,1
3,1,3875328
4,1
5,255,3878144
1,256
2,2
3,255,1
3,1,3875330
4,1
5,255,3853058
1,256
2,2
3,255,1
3,1,3875584
4,1
5,255,3853058
1,256
2,2
3,255,1
3,1,3875586
4,1
5,255,3878144
1,256
2,2
3,255,1
3,0,3855360
4,1
5,255,3878144
1,256
2,2
3,255,1
3,0,3855874
4,1
5,255,3878144
1,256
2,2
3,255,1
3,0,3856130
4,1
5,255,3878144
1,256
2,2
3,255,1
3,0,3856386
4,1
5,255,3878144
1,256
2,2
3,255,1
3,0,3856642
4,1
5,255,3878144
1,256
2,2
3,255,1
3,0,3857152
4,1
5,255,3878144
1,256
2,2
3,255,1
3,0,3858432
4,1
5,255,3878144
1,256
2,2
3,255,1
3,0,3858946
4,1
5,255,3878144
1,256
2,2
3,255,1
3,0,3859458
4,1
5,255,3878144
1,256
2,2
3,255,1
3,0,3859968
4,1
5,255,3878144
1,256
2,2
3,255,1
3,0,3860224
4,1
5,255,3878144
1,256
2,2
3,255,1
3,0,3860480
4,1
5,255,3878144
1,256
2,2
3,255,1
3,0,3860994
4,1
5,255,3878144
1,256
2,2
3,255,1
3,0,3861250
4,1
5,255,3878144
1,256
2,2
3,255,1
3,0,3870210
4,1
5,255,3878144
1,256
2,2
3,255,1
3,0,3870464
4,1
5,255,3869440
1,256
2,2
3,255,1
3,0,3870720
4,1
5,255,3869696
1,256
2,2
3,255,1
3,0,3873792
4,1
5,255,3870976
1,256
2,2
3,255,1
3,0,3874048
4,1
5,255,3878144
1,256
2,2
3,255,1
3,0,3874050
4,1
5,255,3871234
1,256
2,2
3,255,1
3,0,3874816
4,1
5,255,18690
1,256
2,2
3,255,1
3,0,3875072
4,1
5,255,3878144
1,256
2,2
3,255,1
3,0,3875074
4,1
5,255,18690
1,256
2,2
3,255,1
3,0,3875840
4,1
5,255,18690
1,256
2,2
3,255,1
3,0,3876096
4,1
5,255,3878144
1,256
2,2
3,255,1
3,0,3876098
4,1
5,255,18690
1,256
2,2
3,255,1
3,0,4101122
4,1
5,255,3878144
1,256
2,2
3,255,1
3,0,4101378
4,1
5,255,3878144
1,256
2,2
3,255,1
3,0,4101634
4,1
5,255,3878144
1,256
2,2
3,255,1
3,0,4102146
4,1
5,255,3878144
1,256
2,2
3,255,1
3,0,4102656
4,1
5,255,3878144
1,256
2,2
3,255,1
3,0,4103680
4,1
5,255,3878144
1,256
2,2
3,255,1
3,0,4104704
4,1
5,255,3878144
1,256
2,2
3,255,1
3,0,4104960
4,1
5,255,3878144
1,256
2,2
3,255,18688
3,1,3870210
4,1
5,255,3877378
1,256
2,2
3,255,18688
3,1,3871232
4,1
5,255,3870210
1,256
2,2
3,255,18690
3,1,3869952
4,1
5,255,3877122
1,256
2,2
3,255,18690
3,1,3870976
4,1
5,255,3869952
1,256
2,2
3,255,3589120
3,6,3853570
4,3
5,6,3589632
5,2,3589888
5,3,3589376
1,256
2,2
3,255,3589120
3,1,3875584
4,1
5,255,3853058
1,256
2,2
3,255,3589120
3,0,3875840
4,1
5,255,18690
1,256
2,2
3,255,3589122
3,2,3875842
4,1
5,255,18688
1,256
2,2
3,255,3589122
3,4,2876674
4,3
5,1,3589378
5,0,3589890
5,4,3589634
1,256
2,2
3,255,3589122
3,4,3853568
4,3
5,1,3589378
5,0,3589890
5,4,3589634
1,256
2,2
3,255,3853056
3,0,3869440
4,1
5,255,3877890
1,256
2,2
3,255,3853056
3,0,3870464
4,1
5,255,3869440
1,256
2,2
3,255,3853058
3,0,3869696
4,1
5,255,3877634
1,256
2,2
3,255,3853058
3,0,3870720
4,1
5,255,3869696
1,256
2,2
3,255,3854080
3,1,3875330
4,1
5,255,3853058
1,256
2,2
3,255,3854080
3,7,2876160
4,3
5,3,3854848
5,7,3854592
5,0,3854336
1,256
2,2
3,255,3854080
3,7,3853824
4,3
5,3,3854848
5,7,3854592
5,0,3854336
1,256
2,2
3,255,3854082
3,0,3876098
4,1
5,255,18690
1,256
2,2
3,255,3877122
3,1,18690
4,1
5,255,18690
1,256
2,2
3,255,3877378
3,1,18688
4,1
5,255,18688
1,256
2,2
3,255,3877634
3,0,3853058
4,1
5,255,3853058
1,256
2,2
3,255,3877890
3,0,3853056
4,1
5,255,3853056
1,256
2,2
3,255,3878144
3,2,3874818
4,1
5,255,18688
1,256
2,2
3,255,3878144
3,2,3875842
4,1
5,255,18688
1,256
2,2
3,255,3878144
3,1,3870976
4,1
5,255,3869952
1,256
2,2
3,255,3878144
3,1,3871232
4,1
5,255,3870210
1,256
2,2
3,255,3878144
3,1,3873282
4,1
5,255,3870466
1,256
2,2
3,255,3878144
3,1,3873536
4,1
5,255,3870720
1,256
2,2
3,255,3878144
3,1,3874306
4,1
5,255,3853058
1,256
2,2
3,255,3878144
3,1,3874560
4,1
5,255,3853058
1,256
2,2
3,255,3878144
3,1,3875330
4,1
5,255,3853058
1,256
2,2
3,255,3878144
3,1,3875584
4,1
5,255,3853058
1,256
2,2
3,255,3878144
3,0,3870464
4,1
5,255,3869440
1,256
2,2
3,255,3878144
3,0,3870720
4,1
5,255,3869696
1,256
2,2
3,255,3878144
3,0,3873792
4,1
5,255,3870976
1,256
2,2
3,255,3878144
3,0,3874050
4,1
5,255,3871234
1,256
2,2
3,255,3878144
3,0,3874816
4,1
5,255,18690
1,256
2,2
3,255,3878144
3,0,3875074
4,1
5,255,18690
1,256
2,2
3,255,3878144
3,0,3875840
4,1
5,255,18690
1,256
2,2
3,255,3878144
3,0,3876098
4,1
5,255,18690
1,256
2,2
3,1,3840768
3,255,1
4,1
5,255,3878144
1,256
2,2
3,1,3841024
3,255,1
4,1
5,255,3878144
1,256
2,2
3,1,3841280
3,255,1
4,1
5,255,3878144
1,256
2,2
3,1,3841536
3,255,1
4,1
5,255,3878144
1,256
2,2
3,1,3845632
3,255,1
4,1
5,255,3878144
1,256
2,2
3,1,3846656
3,255,1
4,1
5,255,3878144
1,256
2,2
3,1,3848448
3,255,1
4,1
5,255,3878144
1,256
2,2
3,1,3848704
3,255,1
4,1
5,255,3878144
1,256
2,2
3,0,3869954
3,255,1
4,1
5,255,3878144
1,256
2,2
3,0,3873794
3,255,1
4,1
5,255,3878144
1,256
2,2
3,0,3874818
3,255,1
4,1
5,255,3878144
1,256
2,2
3,0,3875842
3,255,1
4,1
5,255,3878144
1,256
2,3
3,6,3854338
3,2,3854594
3,255,3853058
4,1
5,255,3854850
1,256
2,3
3,6,3854848
3,3,3854592
3,255,18690
4,1
5,255,3854336
1,256
2,3
3,2,0
3,3,0
3,255,3872512
4,2
5,2,3871488
5,3,3872256
1,256
2,3
3,2,0
3,255,3872512
3,3,0
4,2
5,2,3871488
5,3,3872256
1,256
2,3
3,2,0
3,255,3872770
3,1,0
4,2
5,2,3871744
5,1,3872002
1,256
2,3
3,2,3589632
3,5,3589888
3,255,3853056
4,1
5,255,3589376
1,256
2,3
3,2,3853056
3,255,1
3,0,3857408
4,1
5,255,3878144
1,256
2,3
3,2,3853056
3,255,1
3,0,3858176
4,1
5,255,3878144
1,256
2,3
3,2,3853058
3,255,1
3,0,3857408
4,1
5,255,3878144
1,256
2,3
3,2,3853058
3,255,1
3,0,3858176
4,1
5,255,3878144
1,256
2,3
3,2,3857410
3,255,1
3,0,3853056
4,1
5,255,3878144
1,256
2,3
3,2,3857410
3,255,1
3,0,3853058
4,1
5,255,3878144
1,256
2,3
3,2,3858178
3,255,1
3,0,3853056
4,1
5,255,3878144
1,256
2,3
3,2,3858178
3,255,1
3,0,3853058
4,1
5,255,3878144
1,256
2,3
3,5,3589378
3,255,18690
3,1,3589634
4,1
5,255,3589890
1,256
2,3
3,3,0
3,255,3872768
3,0,0
4,2
5,3,3872000
5,0,3871746
1,256
2,3
3,3,18688
3,255,1
3,1,3843074
4,1
5,255,3878144
1,256
2,3
3,3,18688
3,255,1
3,1,3843842
4,1
5,255,3878144
1,256
2,3
3,3,18690
3,255,1
3,1,3843074
4,1
5,255,3878144
1,256
2,3
3,3,18690
3,255,1
3,1,3843842
4,1
5,255,3878144
1,256
2,3
3,3,3589632
3,255,18688
3,7,3589376
4,1
5,255,3589888
1,256
2,3
3,3,3843072
3,255,1
3,1,18688
4,1
5,255,3878144
1,256
2,3
3,3,3843072
3,255,1
3,1,18690
4,1
5,255,3878144
1,256
2,3
3,3,3843072
3,1,18688
3,255,1
4,1
5,255,3878144
1,256
2,3
3,3,3843072
3,1,18690
3,255,1
4,1
5,255,3878144
1,256
2,3
3,3,3843840
3,255,1
3,1,18688
4,1
5,255,3878144
1,256
2,3
3,3,3843840
3,255,1
3,1,18690
4,1
5,255,3878144
1,256
2,3
3,3,3843840
3,1,18688
3,255,1
4,1
5,255,3878144
1,256
2,3
3,3,3843840
3,1,18690
3,255,1
4,1
5,255,3878144
1,256
2,3
3,255,18688
3,1,3854594
3,4,3854850
4,1
5,255,3854338
1,256
2,3
3,255,3853056
3,0,3854592
3,4,3854336
4,1
5,255,3854848
1,256
2,3
3,255,3853058
3,7,3589890
3,0,3589634
4,1
5,255,3589378
1,256
2,3
3,255,3872514
3,1,0
3,0,0
4,2
5,1,3872258
5,0,3871490
1,256
2,4
3,17,3873280
3,6,3874304
3,2,0
3,3,3875328
4,4
5,17,5
5,6,5
5,3,5
5,255,3853570
1,256
2,4
3,17,3873280
3,6,3874304
3,3,3875328
3,0,0
4,4
5,17,5
5,6,5
5,3,5
5,255,3853824
1,256
2,4
3,16,3870466
3,2,3869442
3,255,1
3,0,0
4,1
5,255,3853568
1,256
2,4
3,16,3870722
3,2,3869698
3,255,1
3,0,0
4,1
5,255,3853824
1,256
2,4
3,15,3873536
3,2,0
3,5,3874560
3,1,3875584
4,4
5,15,5
5,5,5
5,255,3853826
5,1,5
1,256
2,4
3,15,3873536
3,5,3874560
3,1,3875584
3,0,0
4,4
5,15,5
5,5,5
5,255,3853568
5,1,5
1,256
2,4
3,19,3874048
3,6,3875072
3,2,3876096
3,3,0
4,4
5,19,5
5,6,5
5,2,5
5,255,2876672
1,256
2,4
3,19,3874048
3,6,3875072
3,2,3876096
3,1,0
4,4
5,19,5
5,6,5
5,2,5
5,255,2876162
1,256
2,4
3,6,3589632
3,2,3589888
3,3,3589376
3,255,1
4,1
5,255,3589120
1,256
2,4
3,6,3589632
3,2,3589888
3,255,1
3,0,1
4,3
5,3,3589376
5,255,3589120
5,0,3853058
1,256
2,4
3,6,3854338
3,2,3853826
3,3,3854082
3,255,3853058
4,2
5,2,3854594
5,255,3854850
1,256
2,4
3,6,3854848
3,2,3854080
3,3,2876160
3,255,18690
4,2
5,3,3854592
5,255,3854336
1,256
2,4
3,6,3868672
3,2,3868160
3,3,3878914
3,255,3853314
4,1
5,255,3872514
1,256
2,4
3,6,3868930
3,2,3878402
3,3,3867392
3,255,3853314
4,1
5,255,3872514
1,256
2,4
3,6,3873280
3,2,0
3,3,3874304
3,7,3875328
4,4
5,6,5
5,3,5
5,255,3853570
5,7,5
1,256
2,4
3,6,3873280
3,3,3874304
3,7,3875328
3,0,0
4,4
5,6,5
5,3,5
5,255,3853824
5,7,5
1,256
2,4
3,6,3874048
3,2,3875072
3,5,3876096
3,3,0
4,4
5,6,5
5,2,5
5,5,5
5,255,2876672
1,256
2,4
3,6,3874048
3,2,3875072
3,5,3876096
3,1,0
4,4
5,6,5
5,2,5
5,5,5
5,255,2876162
1,256
2,4
3,6,3875328
3,2,3853056
3,255,1
3,0,3853056
4,1
5,255,3853056
1,256
2,4
3,6,3875586
3,2,0
3,3,3874562
3,7,3873538
4,4
5,6,5
5,3,5
5,255,3853570
5,7,5
1,256
2,4
3,6,3875586
3,3,3874562
3,7,3873538
3,0,0
4,4
5,6,5
5,3,5
5,255,3853824
5,7,5
1,256
2,4
3,6,3875842
3,2,3874818
3,5,3873794
3,3,0
4,4
5,6,5
5,2,5
5,5,5
5,255,2876672
1,256
2,4
3,6,3875842
3,2,3874818
3,5,3873794
3,1,0
4,4
5,6,5
5,2,5
5,5,5
5,255,2876162
1,256
2,4
3,6,3876096
3,3,18688
3,255,1
3,1,18688
4,1
5,255,18688
1,256
2,4
3,2,0
3,5,3873536
3,1,3874560
3,4,3875584
4,4
5,5,5
5,255,3853826
5,1,5
5,4,5
1,256
2,4
3,2,0
3,5,3875330
3,1,3874306
3,4,3873282
4,4
5,5,5
5,255,3853826
5,1,5
5,4,5
1,256
2,4
3,2,0
3,3,0
3,255,1
3,1,3853826
4,1
5,255,3853570
1,256
2,4
3,2,0
3,3,0
3,255,1
3,0,2876160
4,1
5,255,2876672
1,256
2,4
3,2,0
3,3,18688
3,255,1
3,1,3878144
4,1
5,255,18688
1,256
2,4
3,2,0
3,3,3875586
3,7,3874562
3,23,3873538
4,4
5,3,5
5,255,3853570
5,7,5
5,23,5
1,256
2,4
3,2,0
3,3,3878144
3,255,1
3,1,18688
4,1
5,255,18688
1,256
2,4
3,2,0
3,255,1
3,1,0
3,0,2876674
4,1
5,255,2876162
1,256
2,4
3,2,0
3,255,1
3,0,3869440
3,8,3870464
4,1
5,255,3853570
1,256
2,4
3,2,0
3,255,1
3,0,3869696
3,8,3870720
4,1
5,255,3853826
1,256
2,4
3,2,0
3,1,3875330
3,4,3874306
3,9,3873282
4,4
5,255,3853826
5,1,5
5,4,5
5,9,5
1,256
2,4
3,2,1
3,255,1
3,7,3854592
3,0,3854336
4,3
5,2,3853058
5,3,3854848
5,255,3854080
1,256
2,4
3,2,1
3,255,1
3,0,3589890
3,4,3589634
4,3
5,2,3853056
5,255,3589122
5,1,3589378
1,256
2,4
3,2,2876162
3,255,1
3,1,0
3,0,0
4,1
5,255,2876674
1,256
2,4
3,2,2876672
3,3,0
3,255,1
3,0,0
4,1
5,255,2876160
1,256
2,4
3,2,3589122
3,5,3589378
3,255,18690
3,1,2876674
4,2
5,255,3589890
5,1,3589634
1,256
2,4
3,2,3853056
3,3,0
3,255,1
3,0,3878144
4,1
5,255,3853056
1,256
2,4
3,2,3853056
3,255,1
3,7,3875586
3,0,3853056
4,1
5,255,3853056
1,256
2,4
3,2,3853058
3,5,3875584
3,255,1
3,0,3853058
4,1
5,255,3853058
1,256
2,4
3,2,3853058
3,255,1
3,1,0
3,0,3878144
4,1
5,255,3853058
1,256
2,4
3,2,3853058
3,255,1
3,0,3853058
3,4,3875330
4,1
5,255,3853058
1,256
2,4
3,2,3854338
3,5,3854594
3,255,1
3,1,3854850
4,1
5,255,3854082
1,256
2,4
3,2,3854338
3,5,3854594
3,255,1
3,0,1
4,3
5,255,3854082
5,1,3854850
5,0,3853056
1,256
2,4
3,2,3867906
3,5,3868418
3,255,2873090
3,1,3878658
4,1
5,255,3872768
1,256
2,4
3,2,3875842
3,5,3874818
3,13,3873794
3,3,0
4,4
5,2,5
5,5,5
5,13,5
5,255,2876672
1,256
2,4
3,2,3875842
3,5,3874818
3,13,3873794
3,1,0
4,4
5,2,5
5,5,5
5,13,5
5,255,2876162
1,256
2,4
3,2,3878144
3,3,0
3,255,1
3,0,3853056
4,1
5,255,3853056
1,256
2,4
3,2,3879168
3,5,3869186
3,255,2873090
3,1,3867648
4,1
5,255,3872768
1,256
2,4
3,5,3854594
3,3,1
3,255,1
3,1,3854850
4,3
5,2,3854338
5,3,18690
5,255,3854082
1,256
2,4
3,5,3873536
3,1,3874560
3,0,0
3,4,3875584
4,4
5,5,5
5,255,3853568
5,1,5
5,4,5
1,256
2,4
3,5,3875330
3,1,3874306
3,0,0
3,4,3873282
4,4
5,5,5
5,255,3853568
5,1,5
5,4,5
1,256
2,4
3,20,3870978
3,3,3869954
3,255,1
3,1,0
4,1
5,255,2876162
1,256
2,4
3,20,3871234
3,3,3870208
3,255,1
3,1,0
4,1
5,255,2876674
1,256
2,4
3,3,0
3,255,1
3,1,3853568
3,0,0
4,1
5,255,3853824
1,256
2,4
3,3,0
3,255,1
3,1,3869952
3,12,3870976
4,1
5,255,2876160
1,256
2,4
3,3,0
3,255,1
3,1,3870210
3,12,3871232
4,1
5,255,2876672
1,256
2,4
3,3,0
3,21,3873792
3,7,3874816
3,0,3875840
4,4
5,255,2876160
5,21,5
5,7,5
5,0,5
1,256
2,4
3,3,0
3,7,3873792
3,0,3874816
3,4,3875840
4,4
5,255,2876160
5,7,5
5,0,5
5,4,5
1,256
2,4
3,3,0
3,7,3876098
3,0,3875074
3,4,3874050
4,4
5,255,2876160
5,7,5
5,0,5
5,4,5
1,256
2,4
3,3,0
3,0,3876098
3,4,3875074
3,11,3874050
4,4
5,255,2876160
5,0,5
5,4,5
5,11,5
1,256
2,4
3,3,1
3,255,1
3,1,3589378
3,4,3589634
4,3
5,3,18688
5,255,3589122
5,0,3589890
1,256
2,4
3,3,18690
3,255,1
3,1,18690
3,7,3875840
4,1
5,255,18690
1,256
2,4
3,3,18690
3,255,1
3,1,18690
3,4,3876098
4,1
5,255,18690
1,256
2,4
3,3,18690
3,255,1
3,1,3878144
3,0,0
4,1
5,255,18690
1,256
2,4
3,3,2876672
3,255,18688
3,7,3589376
3,0,3589120
4,2
5,3,3589632
5,255,3589888
1,256
2,4
3,3,3589122
3,255,3853058
3,7,3589890
3,0,3853568
4,2
5,255,3589378
5,0,3589634
1,256
2,4
3,3,3853824
3,255,1
3,1,0
3,0,0
4,1
5,255,3853568
1,256
2,4
3,3,3854848
3,255,1
3,1,1
3,7,3854592
4,3
5,255,3854080
5,1,18688
5,0,3854336
1,256
2,4
3,3,3854848
3,255,1
3,7,3854592
3,0,3854336
4,1
5,255,3854080
1,256
2,4
3,3,3867650
3,255,2873088
3,7,3869184
3,0,3879170
4,1
5,255,3872770
1,256
2,4
3,3,3875586
3,7,3874562
3,0,0
3,23,3873538
4,4
5,3,5
5,255,3853824
5,7,5
5,23,5
1,256
2,4
3,3,3878144
3,255,1
3,1,18690
3,0,0
4,1
5,255,18690
1,256
2,4
3,3,3878656
3,255,2873088
3,7,3868416
3,0,3867904
4,1
5,255,3872770
1,256
2,4
3,255,1
3,6,3589632
3,2,3589888
3,3,3589376
4,1
5,255,3589120
1,256
2,4
3,255,1
3,3,18688
3,5,3875842
3,1,18688
4,1
5,255,18688
1,256
2,4
3,255,1
3,3,3853570
3,2,0
3,1,0
4,1
5,255,3853826
1,256
2,4
3,255,1
3,1,1
3,3,3589376
3,6,3589632
4,3
5,255,3589120
5,2,3589888
5,1,18690
1,256
2,4
3,255,1
3,1,3589378
3,0,3589890
3,4,3589634
4,1
5,255,3589122
1,256
2,4
3,255,1
3,0,3853058
3,2,3878144
3,1,0
4,1
5,255,3853058
1,256
2,4
3,255,18688
3,1,2876162
3,0,3854082
3,4,3854850
4,2
5,255,3854338
5,1,3854594
1,256
2,4
3,255,3853056
3,1,3854080
3,0,3853824
3,4,3854336
4,2
5,255,3854848
5,0,3854592
1,256
2,4
3,255,3853312
3,1,3878912
3,0,3868162
3,4,3868674
4,1
5,255,3872512
1,256
2,4
3,255,3853312
3,0,3878400
3,1,3867394
3,4,3868928
4,1
5,255,3872512
1,256
2,4
3,1,0
3,21,3873792
3,7,3874816
3,0,3875840
4,4
5,255,2876674
5,21,5
5,7,5
5,0,5
1,256
2,4
3,1,0
3,7,3873792
3,0,3874816
3,4,3875840
4,4
5,255,2876674
5,7,5
5,0,5
5,4,5
1,256
2,4
3,1,0
3,7,3876098
3,0,3875074
3,4,3874050
4,4
5,255,2876674
5,7,5
5,0,5
5,4,5
1,256
2,4
3,1,0
3,0,3876098
3,4,3875074
3,11,3874050
4,4
5,255,2876674
5,0,5
5,4,5
5,11,5
1,256
2,4
3,1,3589120
3,2,3853570
3,5,3589888
3,255,3853056
4,2
5,2,3589632
5,255,3589376
1,256
2,4
3,1,3875330
3,0,0
3,4,3874306
3,9,3873282
4,4
5,255,3853568
5,1,5
5,4,5
5,9,5
1,256
2,5
3,17,0
3,6,0
3,2,0
3,255,3870978
3,1,3869954
4,2
5,255,18688
5,1,18688
1,256
2,5
3,17,3875586
3,6,3874562
3,3,3873538
3,255,3870722
3,0,0
4,4
5,17,5
5,6,5
5,3,5
5,255,3853824
1,256
2,5
3,16,0
3,2,18688
3,3,18690
3,255,3878144
3,0,0
4,2
5,2,2876162
5,255,2876674
1,256
2,5
3,16,0
3,2,18688
3,255,3878144
3,1,18690
3,0,0
4,2
5,2,2876672
5,255,2876160
1,256
2,5
3,15,0
3,2,0
3,5,0
3,3,3870210
3,255,3871232
4,2
5,3,18688
5,255,18688
1,256
2,5
3,15,3875330
3,5,3874306
3,255,3870466
3,1,3873282
3,0,0
4,4
5,15,5
5,5,5
5,255,3853568
5,1,5
1,256
2,5
3,19,0
3,6,0
3,3,0
3,255,3870722
3,0,3869698
4,2
5,255,3853056
5,0,3853056
1,256
2,5
3,19,3875842
3,6,3874818
3,2,3873794
3,255,3870978
3,1,0
4,4
5,19,5
5,6,5
5,2,5
5,255,2876162
1,256
2,5
3,6,18688
3,2,3878144
3,3,18690
3,255,3878144
3,0,0
4,2
5,2,2876162
5,255,2876674
1,256
2,5
3,6,3589376
3,2,3589120
3,255,1
3,1,0
3,0,1
4,1
5,255,3853058
1,256
2,5
3,6,3589632
3,2,18688
3,3,3589376
3,255,1
3,0,1
4,2
5,2,3589888
5,255,3589120
1,256
2,5
3,6,3853056
3,2,3853058
3,3,3878144
3,255,3878144
3,1,0
4,2
5,3,3853824
5,255,3853568
1,256
2,5
3,6,3875328
3,2,3853056
3,255,1
3,7,3875586
3,0,3853056
4,1
5,255,3853056
1,256
2,5
3,6,3876096
3,5,3875842
3,3,18688
3,255,1
3,1,18688
4,1
5,255,18688
1,256
2,5
3,6,3876096
3,3,18688
3,255,1
3,5,3875842
3,1,18688
4,1
5,255,18688
1,256
2,5
3,2,0
3,3,0
3,255,1
3,1,18688
3,0,2876160
4,1
5,255,2876672
1,256
2,5
3,2,0
3,3,0
3,255,1
3,1,3853826
3,0,3853056
4,1
5,255,3853570
1,256
2,5
3,2,0
3,3,0
3,255,18688
3,1,18688
3,0,2876160
4,1
5,255,2876672
1,256
2,5
3,2,0
3,3,0
3,255,3853056
3,1,3853826
3,0,3853056
4,1
5,255,3853570
1,256
2,5
3,2,0
3,3,1
3,255,1
3,1,3589122
3,4,3589890
4,1
5,255,18688
1,256
2,5
3,2,0
3,3,18688
3,255,1
3,1,0
3,0,2876674
4,1
5,255,2876162
1,256
2,5
3,2,0
3,3,18688
3,255,18688
3,1,0
3,0,2876674
4,1
5,255,2876162
1,256
2,5
3,2,0
3,3,18688
3,255,3878144
3,7,18690
3,0,3878144
4,2
5,255,2876162
5,0,2876674
1,256
2,5
3,2,0
3,3,18688
3,255,3878144
3,0,18690
3,8,0
4,2
5,255,2876162
5,0,2876674
1,256
2,5
3,2,0
3,3,3853570
3,255,1
3,1,0
3,0,3853058
4,1
5,255,3853826
1,256
2,5
3,2,0
3,3,3853570
3,255,3853058
3,1,0
3,0,3853058
4,1
5,255,3853826
1,256
2,5
3,2,0
3,3,3854080
3,255,1
3,1,1
3,7,3854336
4,1
5,255,18688
1,256
2,5
3,2,0
3,3,3873280
3,255,3870464
3,7,3874304
3,23,3875328
4,4
5,3,5
5,255,3853570
5,7,5
5,23,5
1,256
2,5
3,2,0
3,255,3870720
3,1,3873536
3,4,3874560
3,9,3875584
4,4
5,255,3853826
5,1,5
5,4,5
5,9,5
1,256
2,5
3,2,0
3,255,3878144
3,1,18688
3,0,18690
3,8,0
4,2
5,255,2876672
5,0,2876160
1,256
2,5
3,2,0
3,255,3878144
3,1,18688
3,0,3878144
3,4,18690
4,2
5,255,2876672
5,0,2876160
1,256
2,5
3,2,1
3,3,0
3,255,1
3,0,3589122
3,4,3589378
4,1
5,255,3853056
1,256
2,5
3,2,1
3,3,3854848
3,255,1
3,7,3854592
3,0,18690
4,2
5,255,3854080
5,0,3854336
1,256
2,5
3,2,1
3,255,1
3,1,0
3,7,3854848
3,0,3854080
4,1
5,255,3853058
1,256
2,5
3,2,1
3,255,1
3,1,3589378
3,0,18690
3,4,3589634
4,2
5,255,3589122
5,0,3589890
1,256
2,5
3,2,18688
3,5,3854594
3,255,1
3,1,3854850
3,0,1
4,2
5,2,3854338
5,255,3854082
1,256
2,5
3,2,2876162
3,3,18690
3,255,1
3,1,0
3,0,0
4,1
5,255,2876674
1,256
2,5
3,2,2876162
3,3,18690
3,255,18690
3,1,0
3,0,0
4,1
5,255,2876674
1,256
2,5
3,2,2876672
3,3,0
3,255,1
3,1,18690
3,0,0
4,1
5,255,2876160
1,256
2,5
3,2,2876672
3,3,0
3,255,18690
3,1,18690
3,0,0
4,1
5,255,2876160
1,256
2,5
3,2,3853056
3,5,3853058
3,3,0
3,255,3878144
3,1,3878144
4,2
5,255,3853824
5,1,3853568
1,256
2,5
3,2,3853056
3,3,0
3,255,1
3,1,3853568
3,0,0
4,1
5,255,3853824
1,256
2,5
3,2,3853056
3,3,0
3,255,3853056
3,1,3853568
3,0,0
4,1
5,255,3853824
1,256
2,5
3,2,3853056
3,3,0
3,255,3878144
3,1,3853058
3,12,0
4,2
5,255,3853824
5,1,3853568
1,256
2,5
3,2,3853058
3,5,3875584
3,255,1
3,0,3853058
3,4,3875330
4,1
5,255,3853058
1,256
2,5
3,2,3853058
3,20,0
3,3,3853056
3,255,3878144
3,1,0
4,2
5,3,3853824
5,255,3853568
1,256
2,5
3,2,3854082
3,5,3854850
3,3,0
3,255,1
3,0,1
4,1
5,255,3853056
1,256
2,5
3,2,3854338
3,5,3854594
3,3,1
3,255,1
3,1,3853058
4,2
5,255,3854082
5,1,3854850
1,256
2,5
3,2,3869440
3,3,0
3,255,3870464
3,21,0
3,7,0
4,2
5,2,3853056
5,255,3853056
1,256
2,5
3,2,3869696
3,255,3870720
3,1,0
3,4,0
3,11,0
4,2
5,2,3853058
5,255,3853058
1,256
2,5
3,2,3874048
3,5,3875072
3,13,3876096
3,3,0
3,255,3871232
4,4
5,2,5
5,5,5
5,13,5
5,255,2876672
1,256
2,5
3,2,3878144
3,5,18688
3,255,3878144
3,1,18690
3,0,0
4,2
5,2,2876672
5,255,2876160
1,256
2,5
3,5,0
3,13,0
3,255,3870466
3,1,0
3,0,3869442
4,2
5,255,3853058
5,0,3853058
1,256
2,5
3,5,3854338
3,3,1
3,255,1
3,1,3854082
3,0,0
4,1
5,255,18690
1,256
2,5
3,3,0
3,255,3870976
3,0,3873792
3,4,3874816
3,11,3875840
4,4
5,255,2876160
5,0,5
5,4,5
5,11,5
1,256
2,5
3,3,0
3,255,3878144
3,1,3853058
3,12,0
3,0,3853056
4,2
5,255,3853570
5,1,3853826
1,256
2,5
3,3,1
3,255,1
3,1,3853058
3,0,3589890
3,4,3589634
4,2
5,255,3589122
5,1,3589378
1,256
2,5
3,3,18690
3,255,1
3,1,18690
3,7,3875840
3,4,3876098
4,1
5,255,18690
1,256
2,5
3,3,3853056
3,255,1
3,1,1
3,7,3854592
3,0,3854336
4,2
5,3,3854848
5,255,3854080
1,256
2,5
3,3,3853824
3,2,3853058
3,0,0
3,1,0
3,255,1
4,1
5,255,3853568
1,256
2,5
3,3,3853824
3,2,3853058
3,0,0
3,1,0
3,255,3853058
4,1
5,255,3853568
1,256
2,5
3,3,3869952
3,255,3870976
3,0,0
3,4,0
3,9,0
4,2
5,3,18690
5,255,18690
1,256
2,5
3,3,3878144
3,255,3878144
3,1,0
3,7,3853056
3,0,3853058
4,2
5,3,3853570
5,255,3853826
1,256
2,5
3,255,1
3,6,3589632
3,1,1
3,2,3589888
3,3,3853056
4,2
5,255,3589120
5,3,3589376
1,256
2,5
3,255,3871234
3,1,0
3,21,3876098
3,7,3875074
3,0,3874050
4,4
5,255,2876674
5,21,5
5,7,5
5,0,5
1,256
2,5
3,255,3871234
3,1,3870208
3,7,0
3,0,0
3,23,0
4,2
5,255,18690
5,1,18690
1,256
2,5
3,255,3878144
3,1,3878144
3,0,3853056
3,4,3853058
3,3,0
4,2
5,1,3853826
5,255,3853570
1,256
2,5
3,255,3878144
3,0,3853058
3,3,3853056
3,1,0
3,20,0
4,2
5,255,3853826
5,3,3853570
1,256
2,5
3,1,1
3,255,1
3,0,0
3,3,3589120
3,6,3589888
4,1
5,255,18690
1,256
2,6
3,17,0
3,6,3878144
3,2,18688
3,255,3878144
3,1,18690
3,0,0
4,3
5,6,5
5,2,2876672
5,255,2876160
1,256
2,6
3,17,3871744
3,6,3872770
3,2,3872002
3,255,3870978
3,1,3869954
3,12,0
4,5
5,17,5
5,6,5
5,2,5
5,255,18688
5,1,2876162
1,256
2,6
3,17,3875586
3,6,3874562
3,3,3873538
3,255,3870722
3,0,3869698
3,8,0
4,5
5,17,5
5,6,5
5,3,5
5,255,3853056
5,0,3853824
1,256
2,6
3,16,0
3,6,18688
3,2,1
3,3,18690
3,255,3878144
3,0,0
4,2
5,2,2876162
5,255,2876674
1,256
2,6
3,16,0
3,2,1
3,5,18688
3,255,3878144
3,1,18690
3,0,0
4,2
5,2,2876672
5,255,2876160
1,256
2,6
3,16,0
3,2,3869440
3,3,3871488
3,255,3870464
3,21,3872256
3,7,3872512
4,5
5,2,3853570
5,3,5
5,255,3853056
5,21,5
5,7,5
1,256
2,6
3,16,0
3,2,3869440
3,3,3873280
3,255,3870464
3,7,3874304
3,23,3875328
4,5
5,2,3853570
5,3,5
5,255,3853056
5,7,5
5,23,5
1,256
2,6
3,16,0
3,2,3869696
3,255,3870720
3,1,3871744
3,4,3872770
3,11,3872002
4,5
5,2,3853826
5,255,3853058
5,1,5
5,4,5
5,11,5
1,256
2,6
3,16,0
3,2,3869696
3,255,3870720
3,1,3873536
3,4,3874560
3,9,3875584
4,5
5,2,3853826
5,255,3853058
5,1,5
5,4,5
5,9,5
1,256
2,6
3,15,0
3,2,18688
3,5,3878144
3,3,18690
3,255,3878144
3,0,0
4,3
5,2,2876162
5,5,5
5,255,2876674
1,256
2,6
3,15,3871488
3,2,3872256
3,5,3872512
3,20,0
3,3,3870210
3,255,3871232
4,5
5,15,5
5,2,5
5,5,5
5,3,2876672
5,255,18688
1,256
2,6
3,15,3875330
3,5,3874306
3,255,3870466
3,1,3873282
3,0,3869442
3,8,0
4,5
5,15,5
5,5,5
5,255,3853058
5,1,5
5,0,3853568
1,256
2,6
3,19,3872000
3,6,3872768
3,3,3871746
3,255,3870722
3,0,3869698
3,8,0
4,5
5,19,5
5,6,5
5,3,5
5,255,3853056
5,0,3853824
1,256
2,6
3,19,3875842
3,6,3874818
3,2,3873794
3,255,3870978
3,1,3869954
3,12,0
4,5
5,19,5
5,6,5
5,2,5
5,255,18688
5,1,2876162
1,256
2,6
3,6,3853056
3,2,3853058
3,20,0
3,3,1
3,255,3878144
3,1,0
4,2
5,3,3853824
5,255,3853568
1,256
2,6
3,2,0
3,3,18688
3,255,3878144
3,7,18690
3,0,1
3,8,0
4,2
5,255,2876162
5,0,2876674
1,256
2,6
3,2,0
3,3,18688
3,255,3878144
3,0,18690
3,4,3878144
3,9,0
4,3
5,255,2876162
5,0,2876674
5,4,5
1,256
2,6
3,2,0
3,255,3878144
3,1,18688
3,7,3878144
3,0,18690
3,23,0
4,3
5,255,2876672
5,7,5
5,0,2876160
1,256
2,6
3,2,0
3,255,3878144
3,1,18688
3,0,1
3,4,18690
3,8,0
4,2
5,255,2876672
5,0,2876160
1,256
2,6
3,2,3853056
3,5,3853058
3,3,0
3,255,3878144
3,1,1
3,12,0
4,2
5,255,3853824
5,1,3853568
1,256
2,6
3,2,3853056
3,3,0
3,255,3878144
3,1,3853058
3,4,3878144
3,11,0
4,3
5,255,3853824
5,1,3853568
5,4,5
1,256
2,6
3,2,3853058
3,3,3853056
3,255,3878144
3,1,0
3,21,0
3,7,3878144
4,3
5,3,3853824
5,255,3853568
5,7,5
1,256
2,6
3,2,3874048
3,5,3875072
3,13,3876096
3,20,0
3,3,3870210
3,255,3871232
4,5
5,2,5
5,5,5
5,13,5
5,3,2876672
5,255,18688
1,256
2,6
3,5,3872514
3,13,3872258
3,255,3870466
3,1,3871490
3,0,3869442
3,8,0
4,5
5,5,5
5,13,5
5,255,3853058
5,1,5
5,0,3853568
1,256
2,6
3,5,3878144
3,13,0
3,3,0
3,255,3878144
3,1,3853058
3,0,3853056
4,3
5,5,5
5,255,3853570
5,1,3853826
1,256
2,6
3,20,0
3,3,1
3,255,3878144
3,1,0
3,7,3853056
3,0,3853058
4,2
5,3,3853570
5,255,3853826
1,256
2,6
3,20,0
3,3,3869952
3,255,3870976
3,0,3872000
3,4,3872768
3,9,3871746
4,5
5,3,2876160
5,255,18690
5,0,5
5,4,5
5,9,5
1,256
2,6
3,20,0
3,3,3869952
3,255,3870976
3,0,3873792
3,4,3874816
3,11,3875840
4,5
5,3,2876160
5,255,18690
5,0,5
5,4,5
5,11,5
1,256
2,6
3,255,3871234
3,1,3870208
3,12,0
3,21,3876098
3,7,3875074
3,0,3874050
4,5
5,255,18690
5,1,2876674
5,21,5
5,7,5
5,0,5
1,256
2,6
3,255,3871234
3,1,3870208
3,12,0
3,7,3872514
3,0,3872258
3,23,3871490
4,5
5,255,18690
5,1,2876674
5,7,5
5,0,5
5,23,5
1,256
2,6
3,255,3878144
3,6,3878144
3,0,3853058
3,3,3853056
3,1,0
3,19,0
4,3
5,255,3853826
5,3,3853570
5,6,5
1,256
2,6
3,255,3878144
3,1,1
3,0,3853056
3,4,3853058
3,12,0
3,3,0
4,2
5,1,3853826
5,255,3853570
1,256
2,8
3,17,0
3,6,0
3,2,1
3,5,18688
3,3,1
3,255,1
3,1,18690
3,7,0
4,2
5,2,18688
5,255,18690
1,256
2,8
3,17,3589632
3,16,3589888
3,6,3589376
3,2,3589120
3,3,3853824
3,255,1
3,1,0
3,0,0
4,1
5,255,3853568
1,256
2,8
3,17,3853058
3,6,3853058
3,2,1
3,5,18688
3,3,3853058
3,255,1
3,1,18690
3,7,3853058
4,2
5,2,2876672
5,255,2876160
1,256
2,8
3,16,0
3,6,0
3,2,1
3,5,0
3,3,0
3,255,1
3,1,0
3,0,0
4,2
5,2,5
5,255,5
1,256
2,8
3,16,0
3,6,0
3,2,1
3,5,18688
3,3,0
3,255,1
3,1,18690
3,0,0
4,2
5,2,2876672
5,255,2876160
1,256
2,8
3,16,0
3,6,0
3,2,1
3,5,3856896
3,3,0
3,255,1
3,1,3856640
3,0,0
4,2
5,2,3853312
5,255,3855106
1,256
2,8
3,16,0
3,6,0
3,2,1
3,5,3859712
3,3,0
3,255,1
3,1,3859456
3,0,0
4,2
5,2,3853312
5,255,3855106
1,256
2,8
3,16,0
3,6,18688
3,2,1
3,5,0
3,3,18690
3,255,1
3,1,0
3,0,0
4,2
5,2,2876162
5,255,2876674
1,256
2,8
3,16,0
3,6,3855616
3,2,1
3,5,0
3,3,3855872
3,255,1
3,1,0
3,0,0
4,2
5,2,2873088
5,255,3839744
1,256
2,8
3,16,0
3,6,4102402
3,2,1
3,5,0
3,3,4102658
3,255,1
3,1,0
3,0,0
4,2
5,2,2873088
5,255,3839744
1,256
2,8
3,16,3854338
3,15,3854594
3,2,3854082
3,5,3854850
3,3,0
3,255,1
3,1,3853568
3,0,0
4,1
5,255,3853824
1,256
2,8
3,15,0
3,6,18688
3,2,1
3,5,0
3,3,18690
3,255,1
3,1,1
3,4,0
4,2
5,2,18688
5,255,18690
1,256
2,8
3,15,3853056
3,6,18688
3,2,1
3,5,3853056
3,3,18690
3,255,1
3,1,3853056
3,4,3853056
4,2
5,2,2876162
5,255,2876674
1,256
2,8
3,19,0
3,6,0
3,2,1
3,5,0
3,3,1
3,255,1
3,7,3853056
3,0,3853058
4,2
5,3,3853056
5,255,3853058
1,256
2,8
3,19,18690
3,6,18690
3,2,18690
3,5,18690
3,3,1
3,255,1
3,7,3853056
3,0,3853058
4,2
5,3,3853570
5,255,3853826
1,256
2,8
3,6,0
3,2,0
3,20,0
3,3,1
3,255,1
3,1,0
3,7,0
3,0,0
4,2
5,3,5
5,255,5
1,256
2,8
3,6,0
3,2,0
3,20,0
3,3,1
3,255,1
3,1,0
3,7,3840514
3,0,3840770
4,2
5,3,3853312
5,255,3855104
1,256
2,8
3,6,0
3,2,0
3,20,0
3,3,1
3,255,1
3,1,0
3,7,3853056
3,0,3853058
4,2
5,3,3853570
5,255,3853826
1,256
2,8
3,6,0
3,2,0
3,20,0
3,3,1
3,255,1
3,1,0
3,7,3862786
3,0,3863042
4,2
5,3,3853312
5,255,3855104
1,256
2,8
3,6,0
3,2,1
3,5,0
3,13,0
3,255,1
3,1,1
3,0,3853056
3,4,3853058
4,2
5,255,3853056
5,1,3853058
1,256
2,8
3,6,0
3,3,1
3,255,1
3,1,18688
3,7,0
3,0,1
3,4,18690
3,23,0
4,2
5,255,18688
5,0,18690
1,256
2,8
3,6,18690
3,2,18690
3,5,18690
3,13,18690
3,255,1
3,1,1
3,0,3853056
3,4,3853058
4,2
5,255,3853570
5,1,3853826
1,256
2,8
3,6,3841794
3,2,3841538
3,20,0
3,3,1
3,255,1
3,1,0
3,7,0
3,0,0
4,2
5,3,2873090
5,255,3839744
1,256
2,8
3,6,3846914
3,2,3846658
3,20,0
3,3,1
3,255,1
3,1,0
3,7,0
3,0,0
4,2
5,3,2873090
5,255,3839744
1,256
2,8
3,6,3853056
3,2,3853058
3,20,0
3,3,1
3,255,1
3,1,0
3,7,0
3,0,0
4,2
5,3,3853824
5,255,3853568
1,256
2,8
3,6,3853056
3,2,3853058
3,3,1
3,255,1
3,21,0
3,7,0
3,0,1
3,4,0
4,2
5,3,3853056
5,255,3853058
1,256
2,8
3,6,3853056
3,2,3853058
3,3,1
3,255,1
3,21,18688
3,7,18688
3,0,18688
3,4,18688
4,2
5,3,3853824
5,255,3853568
1,256
2,8
3,6,3853058
3,3,3853058
3,255,1
3,1,18688
3,7,3853058
3,0,1
3,4,18690
3,23,3853058
4,2
5,255,2876672
5,0,2876160
1,256
2,8
3,2,0
3,5,0
3,3,0
3,255,1
3,1,1
3,12,0
3,0,0
3,4,0
4,2
5,255,5
5,1,5
1,256
2,8
3,2,0
3,20,3854848
3,3,3854080
3,255,1
3,1,0
3,21,3854592
3,7,3854336
3,0,2876674
4,1
5,255,2876162
1,256
2,8
3,2,0
3,3,0
3,255,1
3,1,0
3,7,0
3,0,1
3,4,0
3,8,0
4,2
5,255,5
5,0,5
1,256
2,8
3,2,0
3,3,0
3,255,1
3,1,18688
3,7,0
3,0,1
3,4,18690
3,8,0
4,2
5,255,2876672
5,0,2876160
1,256
2,8
3,2,0
3,3,0
3,255,1
3,1,3589122
3,12,3589378
3,0,2876160
3,4,3589890
3,11,3589634
4,1
5,255,2876672
1,256
2,8
3,2,0
3,3,0
3,255,1
3,1,3853826
3,0,3589122
3,4,3589378
3,8,3589890
3,9,3589634
4,1
5,255,3853570
1,256
2,8
3,2,0
3,3,0
3,255,1
3,1,3855874
3,7,0
3,0,1
3,4,3855618
3,8,0
4,2
5,255,3839746
5,0,2873090
1,256
2,8
3,2,0
3,3,0
3,255,1
3,1,4102656
3,7,0
3,0,1
3,4,4102400
3,8,0
4,2
5,255,3839746
5,0,2873090
1,256
2,8
3,2,0
3,3,18688
3,255,1
3,1,0
3,7,18690
3,0,1
3,4,0
3,8,0
4,2
5,255,2876162
5,0,2876674
1,256
2,8
3,2,0
3,3,3853570
3,255,1
3,1,0
3,7,3854848
3,0,3854080
3,23,3854592
3,8,3854336
4,1
5,255,3853826
1,256
2,8
3,2,0
3,3,3856642
3,255,1
3,1,0
3,7,3856898
3,0,1
3,4,0
3,8,0
4,2
5,255,3855104
5,0,3853314
1,256
2,8
3,2,0
3,3,3859458
3,255,1
3,1,0
3,7,3859714
3,0,1
3,4,0
3,8,0
4,2
5,255,3855104
5,0,3853314
1,256
2,8
3,2,2876672
3,5,3854338
3,13,3854594
3,3,0
3,255,1
3,1,3854082
3,12,3854850
3,0,0
4,1
5,255,2876160
1,256
2,8
3,2,3840768
3,5,3840512
3,3,0
3,255,1
3,1,1
3,12,0
3,0,0
3,4,0
4,2
5,255,3855106
5,1,3853314
1,256
2,8
3,2,3853056
3,5,3853058
3,3,0
3,255,1
3,1,1
3,12,0
3,0,0
3,4,0
4,2
5,255,3853824
5,1,3853568
1,256
2,8
3,2,3853056
3,5,3853058
3,0,18688
3,7,18688
3,4,18688
3,11,18688
3,255,1
3,1,1
4,2
5,255,3853824
5,1,3853568
1,256
2,8
3,2,3853056
3,255,1
3,0,1
3,7,0
3,5,3853058
3,1,1
3,4,0
3,11,0
4,2
5,255,3853056
5,1,3853058
1,256
2,8
3,2,3863040
3,5,3862784
3,3,0
3,255,1
3,1,1
3,12,0
3,0,0
3,4,0
4,2
5,255,3855106
5,1,3853314
1,256
2,8
3,5,0
3,3,18688
3,255,1
3,1,1
3,7,18690
3,0,1
3,4,0
3,9,0
4,2
5,255,18688
5,0,18690
1,256
2,8
3,5,3853056
3,3,18688
3,255,1
3,1,3853056
3,7,18690
3,0,1
3,4,3853056
3,9,3853056
4,2
5,255,2876162
5,0,2876674
1,256
2,8
3,255,1
3,2,2876162
3,1,0
3,0,0
3,19,3589632
3,6,3589888
3,20,3589376
3,3,3589120
4,1
5,255,2876674
1,256
2,8
3,255,1
3,1,1
3,0,3841536
3,4,3841792
3,12,0
3,5,0
3,2,0
3,3,0
4,2
5,1,2873088
5,255,3839746
1,256
2,8
3,255,1
3,1,1
3,0,3846656
3,4,3846912
3,12,0
3,5,0
3,2,0
3,3,0
4,2
5,1,2873088
5,255,3839746
1,256
2,8
3,255,1
3,1,1
3,0,3853056
3,4,3853058
3,12,0
3,5,0
3,2,0
3,3,0
4,2
5,1,3853826
5,255,3853570
1,256
2,8
3,255,1
3,1,1
3,4,0
3,0,0
3,12,0
3,3,0
3,2,0
3,5,0
4,2
5,1,5
5,255,5
1,256
2,9
3,17,3853056
3,16,2873344
3,6,3853056
3,5,3853058
3,3,3853056
3,1,3853058
3,7,3853056
3,0,3867136
3,4,3853314
4,12
5,17,3841536
5,16,3841792
5,15,3842048
5,6,3841280
5,2,3843584
5,5,3843840
5,3,3841024
5,255,3843328
5,1,3843072
5,7,3840768
5,0,3840512
5,4,3840256
1,256
2,9
3,16,3867136
3,15,3853058
3,6,3853056
3,5,3853058
3,3,3853056
3,1,3853058
3,7,2873090
3,0,2873344
3,4,3853058
4,12
5,17,3840258
5,16,3840514
5,15,3840770
5,6,3843074
5,2,3843330
5,5,3841026
5,3,3843842
5,255,3843586
5,1,3841282
5,7,3842050
5,0,3841794
5,4,3841538
1,256
2,9
3,19,18688
3,6,18688
3,2,18688
3,5,18688
3,20,2873344
3,1,3867136
3,7,18690
3,0,18690
3,4,3853314
4,12
5,19,3855874
5,6,3856130
5,2,3856386
5,5,3856642
5,20,3855618
5,3,3857666
5,255,3857922
5,1,3856898
5,21,3855362
5,7,3857410
5,0,3858178
5,4,3857154
1,256
2,9
3,6,18688
3,2,18688
3,5,18688
3,13,18688
3,3,2873344
3,12,3867136
3,7,2873090
3,0,18690
3,4,18690
4,12
5,6,3855874
5,2,3856130
5,5,3856386
5,13,3856642
5,3,3855618
5,255,3857666
5,1,3857922
5,12,3856898
5,7,3855362
5,0,3857410
5,4,3858178
5,11,3857154
1,256
2,9
3,6,18688
3,2,18688
3,5,2873088
3,20,3867136
3,1,2873344
3,21,18690
3,7,18690
3,0,18690
3,4,18690
4,12
5,19,3857152
5,6,3858176
5,2,3857408
5,5,3855360
5,20,3856896
5,3,3857920
5,255,3857664
5,1,3855616
5,21,3856640
5,7,3856384
5,0,3856128
5,4,3855872
1,256
2,9
3,6,3853056
3,3,3853056
3,7,3853056
3,23,3853056
3,1,3853058
3,4,3853058
3,5,2873088
3,2,2873344
3,8,3867136
4,12
5,6,3841536
5,2,3841792
5,5,3842048
5,3,3841280
5,255,3843584
5,1,3843840
5,7,3841024
5,0,3843328
5,4,3843072
5,23,3840768
5,8,3840512
5,9,3840256
1,256
2,9
3,6,3853312
3,2,18688
3,5,18688
3,3,3867136
3,12,2873344
3,7,18690
3,0,18690
3,4,18690
3,11,18690
4,12
5,6,3857152
5,2,3858176
5,5,3857408
5,13,3855360
5,3,3856896
5,255,3857920
5,1,3857664
5,12,3855616
5,7,3856640
5,0,3856384
5,4,3856128
5,11,3855872
1,256
2,9
3,6,3853312
3,2,3867136
3,5,3853058
3,3,3853056
3,1,3853058
3,7,3853056
3,4,3853058
3,8,2873344
3,9,3853058
4,12
5,6,3840258
5,2,3840514
5,5,3840770
5,3,3843074
5,255,3843330
5,1,3841026
5,7,3843842
5,0,3843586
5,4,3841282
5,23,3842050
5,8,3841794
5,9,3841538
1,256
2,10
3,17,3853056
3,16,2873344
3,15,2873088
3,6,3853056
3,5,3853058
3,3,3853056
3,1,3853058
3,7,3853056
3,0,3867136
3,4,3853314
4,12
5,17,3841536
5,16,3841792
5,15,3842048
5,6,3841280
5,2,3843584
5,5,3843840
5,3,3841024
5,255,3843328
5,1,3843072
5,7,3840768
5,0,3840512
5,4,3840256
1,256
2,10
3,17,3853312
3,16,3867136
3,15,3853058
3,6,3853056
3,5,3853058
3,3,3853056
3,1,3853058
3,7,2873090
3,0,2873344
3,4,3853058
4,12
5,17,3840258
5,16,3840514
5,15,3840770
5,6,3843074
5,2,3843330
5,5,3841026
5,3,3843842
5,255,3843586
5,1,3841282
5,7,3842050
5,0,3841794
5,4,3841538
1,256
2,10
3,19,18688
3,6,18688
3,2,18688
3,5,18688
3,20,2873344
3,1,3867136
3,21,2873090
3,7,18690
3,0,18690
3,4,3853314
4,12
5,19,3855874
5,6,3856130
5,2,3856386
5,5,3856642
5,20,3855618
5,3,3857666
5,255,3857922
5,1,3856898
5,21,3855362
5,7,3857410
5,0,3858178
5,4,3857154
1,256
2,10
3,19,3853312
3,6,18688
3,2,18688
3,5,2873088
3,20,3867136
3,1,2873344
3,21,18690
3,7,18690
3,0,18690
3,4,18690
4,12
5,19,3857152
5,6,3858176
5,2,3857408
5,5,3855360
5,20,3856896
5,3,3857920
5,255,3857664
5,1,3855616
5,21,3856640
5,7,3856384
5,0,3856128
5,4,3855872
1,256
2,10
3,6,18688
3,2,18688
3,5,18688
3,13,18688
3,3,2873344
3,12,3867136
3,7,2873090
3,0,18690
3,4,18690
3,11,3853314
4,12
5,6,3855874
5,2,3856130
5,5,3856386
5,13,3856642
5,3,3855618
5,255,3857666
5,1,3857922
5,12,3856898
5,7,3855362
5,0,3857410
5,4,3858178
5,11,3857154
1,256
2,10
3,6,3853056
3,3,3853056
3,7,3853056
3,23,3853056
3,1,3853058
3,4,3853058
3,5,2873088
3,9,3853314
3,2,2873344
3,8,3867136
4,12
5,6,3841536
5,2,3841792
5,5,3842048
5,3,3841280
5,255,3843584
5,1,3843840
5,7,3841024
5,0,3843328
5,4,3843072
5,23,3840768
5,8,3840512
5,9,3840256
1,256
2,10
3,6,3853312
3,2,18688
3,5,18688
3,13,2873088
3,3,3867136
3,12,2873344
3,7,18690
3,0,18690
3,4,18690
3,11,18690
4,12
5,6,3857152
5,2,3858176
5,5,3857408
5,13,3855360
5,3,3856896
5,255,3857920
5,1,3857664
5,12,3855616
5,7,3856640
5,0,3856384
5,4,3856128
5,11,3855872
1,256
2,10
3,6,3853312
3,2,3867136
3,5,3853058
3,3,3853056
3,1,3853058
3,7,3853056
3,4,3853058
3,23,2873090
3,8,2873344
3,9,3853058
4,12
5,6,3840258
5,2,3840514
5,5,3840770
5,3,3843074
5,255,3843330
5,1,3841026
5,7,3843842
5,0,3843586
5,4,3841282
5,23,3842050
5,8,3841794
5,9,3841538
1,256
2,11
3,17,2873088
3,6,2873344
3,2,18688
3,5,18688
3,13,2876162
3,3,2873090
3,255,2873344
3,12,3854080
3,0,2873090
3,4,18690
3,11,18690
4,12
5,17,4102656
5,6,4102400
5,2,4104704
5,5,4104960
5,13,4103680
5,3,4102144
5,255,4104448
5,1,4104192
5,12,4103936
5,0,4101632
5,4,4101376
5,11,4101120
1,256
2,11
3,17,2873088
3,6,2873344
3,2,18688
3,5,18688
3,13,2876162
3,3,2873090
3,255,2873344
3,12,3854080
3,0,2876160
3,4,18690
3,11,18690
4,12
5,17,4102656
5,6,4102400
5,2,4104704
5,5,4104960
5,13,4103680
5,3,4102144
5,255,4104448
5,1,4104192
5,12,4103936
5,0,4101632
5,4,4101376
5,11,4101120
1,256
2,11
3,17,3853056
3,16,3854080
3,15,3853826
3,6,3853056
3,5,3853058
3,3,2873090
3,255,2873344
3,1,3853058
3,0,2873090
3,4,2873344
3,11,2873088
4,12
5,17,3845122
5,16,3845378
5,15,3845634
5,6,3847938
5,2,3848194
5,5,3848450
5,3,3847682
5,255,3848962
5,1,3848706
5,0,3847170
5,4,3846914
5,11,3846658
1,256
2,11
3,17,3853056
3,16,3854080
3,15,3853826
3,6,3853056
3,5,3853058
3,3,3853824
3,255,2873344
3,1,3853058
3,0,2873090
3,4,2873344
3,11,2873088
4,12
5,17,3845122
5,16,3845378
5,15,3845634
5,6,3847938
5,2,3848194
5,5,3848450
5,3,3847682
5,255,3848962
5,1,3848706
5,0,3847170
5,4,3846914
5,11,3846658
1,256
2,11
3,17,3853570
3,16,3589122
3,15,3853058
3,6,3853056
3,5,3853058
3,3,3853056
3,255,3867136
3,1,3853314
3,21,3853312
3,7,3867136
3,0,3853314
4,12
5,17,3863552
5,16,3863808
5,15,3861760
5,6,3864832
5,2,3864064
5,5,3862016
5,3,3864576
5,255,3864320
5,1,3862272
5,21,3863040
5,7,3862784
5,0,3862528
1,256
2,11
3,17,3853570
3,16,3589122
3,15,3853058
3,6,3853056
3,5,3853058
3,3,3853056
3,255,3867136
3,1,3853568
3,21,3853312
3,7,3867136
3,0,3853314
4,12
5,17,3863552
5,16,3863808
5,15,3861760
5,6,3864832
5,2,3864064
5,5,3862016
5,3,3864576
5,255,3864320
5,1,3862272
5,21,3863040
5,7,3862784
5,0,3862528
1,256
2,11
3,15,3853312
3,19,2876672
3,6,18688
3,2,18688
3,5,3867136
3,20,3589122
3,255,3867136
3,1,3853314
3,21,18690
3,7,18690
3,0,2876674
4,12
5,15,3859458
5,19,3858946
5,6,3860994
5,2,3861250
5,5,3859714
5,20,3858690
5,3,3860738
5,255,3861506
5,1,3859970
5,21,3858434
5,7,3860482
5,0,3860226
1,256
2,11
3,15,3853312
3,19,2876672
3,6,18688
3,2,18688
3,5,3867136
3,20,3589122
3,255,3867136
3,1,3853314
3,21,18690
3,7,18690
3,0,3853314
4,12
5,15,3859458
5,19,3858946
5,6,3860994
5,2,3861250
5,5,3859714
5,20,3858690
5,3,3860738
5,255,3861506
5,1,3859970
5,21,3858434
5,7,3860482
5,0,3860226
1,256
2,11
3,19,18688
3,6,18688
3,2,2873088
3,20,3854082
3,255,2873344
3,1,2873088
3,21,2876160
3,7,18690
3,0,18690
3,4,2873344
3,9,2873090
4,12
5,19,4101122
5,6,4101378
5,2,4101634
5,20,4103938
5,3,4104194
5,255,4104450
5,1,4102146
5,21,4103682
5,7,4104962
5,0,4104706
5,4,4102402
5,9,4102658
1,256
2,11
3,19,18688
3,6,18688
3,2,2876162
3,20,3854082
3,255,2873344
3,1,2873088
3,21,2876160
3,7,18690
3,0,18690
3,4,2873344
3,9,2873090
4,12
5,19,4101122
5,6,4101378
5,2,4101634
5,20,4103938
5,3,4104194
5,255,4104450
5,1,4102146
5,21,4103682
5,7,4104962
5,0,4104706
5,4,4102402
5,9,4102658
1,256
2,11
3,2,2876672
3,5,18688
3,13,18688
3,3,3853312
3,255,3867136
3,12,3589120
3,7,3867136
3,0,18690
3,4,18690
3,11,2876674
3,23,3853314
4,12
5,2,3860224
5,5,3860480
5,13,3858432
5,3,3859968
5,255,3861504
5,1,3860736
5,12,3858688
5,7,3859712
5,0,3861248
5,4,3860992
5,11,3858944
5,23,3859456
1,256
2,11
3,2,3853312
3,5,18688
3,13,18688
3,3,3853312
3,255,3867136
3,12,3589120
3,7,3867136
3,0,18690
3,4,18690
3,11,2876674
3,23,3853314
4,12
5,2,3860224
5,5,3860480
5,13,3858432
5,3,3859968
5,255,3861504
5,1,3860736
5,12,3858688
5,7,3859712
5,0,3861248
5,4,3860992
5,11,3858944
5,23,3859456
1,256
2,11
3,2,3853312
3,5,3867136
3,13,3853314
3,3,3853312
3,255,3867136
3,1,3853058
3,7,3853056
3,4,3853058
3,23,3853056
3,8,3589120
3,9,3853568
4,12
5,2,3862530
5,5,3862786
5,13,3863042
5,3,3862274
5,255,3864322
5,1,3864578
5,7,3862018
5,0,3864066
5,4,3864834
5,23,3861762
5,8,3863810
5,9,3863554
1,256
2,11
3,2,3853312
3,5,3867136
3,13,3853314
3,3,3853570
3,255,3867136
3,1,3853058
3,7,3853056
3,4,3853058
3,23,3853056
3,8,3589120
3,9,3853568
4,12
5,2,3862530
5,5,3862786
5,13,3863042
5,3,3862274
5,255,3864322
5,1,3864578
5,7,3862018
5,0,3864066
5,4,3864834
5,23,3861762
5,8,3863810
5,9,3863554
1,256
2,11
3,255,2873344
3,6,2873344
3,3,3853056
3,7,3853056
3,23,3853824
3,1,2873088
3,4,3853058
3,19,2873090
3,9,3853058
3,2,2873088
3,8,3854082
4,12
5,19,3846656
5,6,3846912
5,2,3847168
5,3,3848704
5,255,3848960
5,1,3847680
5,7,3848448
5,0,3848192
5,4,3847936
5,23,3845632
5,8,3845376
5,9,3845120
1,256
2,11
3,255,2873344
3,6,2873344
3,3,3853056
3,7,3853056
3,23,3853824
3,1,3853826
3,4,3853058
3,19,2873090
3,9,3853058
3,2,2873088
3,8,3854082
4,12
5,19,3846656
5,6,3846912
5,2,3847168
5,3,3848704
5,255,3848960
5,1,3847680
5,7,3848448
5,0,3848192
5,4,3847936
5,23,3845632
5,8,3845376
5,9,3845120
1,256
2,12
3,17,0
3,16,0
3,19,0
3,6,1
3,2,1
3,5,0
3,20,0
3,3,3878144
3,255,3878144
3,1,0
3,7,0
3,0,0
4,4
5,6,3853570
5,2,3853826
5,3,3853824
5,255,3853568
1,256
2,12
3,17,0
3,16,0
3,19,0
3,6,1
3,2,3878144
3,5,0
3,20,0
3,3,1
3,255,3878144
3,1,0
3,7,0
3,0,0
4,4
5,6,2876672
5,2,2876162
5,3,2876160
5,255,2876674
1,256
2,12
3,17,5
3,16,3853056
3,15,3853058
3,6,5
3,2,3853056
3,5,3853058
3,3,3853312
3,255,3867136
3,1,3853314
3,21,3853312
3,7,3867136
3,0,3853314
4,12
5,17,3863552
5,16,3863808
5,15,3861760
5,6,3864832
5,2,3864064
5,5,3862016
5,3,3864576
5,255,3864320
5,1,3862272
5,21,3863040
5,7,3862784
5,0,3862528
1,256
2,12
3,17,5
3,16,3853056
3,15,3853058
3,6,5
3,2,3853056
3,5,3853058
3,3,3853312
3,255,3867136
3,1,3853568
3,21,3853312
3,7,3867136
3,0,3853314
4,12
5,17,3863552
5,16,3863808
5,15,3861760
5,6,3864832
5,2,3864064
5,5,3862016
5,3,3864576
5,255,3864320
5,1,3862272
5,21,3863040
5,7,3862784
5,0,3862528
1,256
2,12
3,17,2873088
3,6,2873344
3,2,2873088
3,5,5
3,13,5
3,3,2873090
3,255,2873344
3,1,18688
3,12,18688
3,0,2873090
3,4,18690
3,11,18690
4,12
5,17,4102656
5,6,4102400
5,2,4104704
5,5,4104960
5,13,4103680
5,3,4102144
5,255,4104448
5,1,4104192
5,12,4103936
5,0,4101632
5,4,4101376
5,11,4101120
1,256
2,12
3,17,2873088
3,6,2873344
3,2,2873088
3,5,5
3,13,5
3,3,2873090
3,255,2873344
3,1,18688
3,12,18688
3,0,2876160
3,4,18690
3,11,18690
4,12
5,17,4102656
5,6,4102400
5,2,4104704
5,5,4104960
5,13,4103680
5,3,4102144
5,255,4104448
5,1,4104192
5,12,4103936
5,0,4101632
5,4,4101376
5,11,4101120
1,256
2,12
3,17,3853056
3,16,3853058
3,15,5
3,6,3853056
3,2,3853058
3,5,5
3,3,2873090
3,255,2873344
3,1,2873088
3,0,2873090
3,4,2873344
3,11,2873088
4,12
5,17,3845122
5,16,3845378
5,15,3845634
5,6,3847938
5,2,3848194
5,5,3848450
5,3,3847682
5,255,3848962
5,1,3848706
5,0,3847170
5,4,3846914
5,11,3846658
1,256
2,12
3,17,3853056
3,16,3853058
3,15,5
3,6,3853056
3,2,3853058
3,5,5
3,3,3853824
3,255,2873344
3,1,2873088
3,0,2873090
3,4,2873344
3,11,2873088
4,12
5,17,3845122
5,16,3845378
5,15,3845634
5,6,3847938
5,2,3848194
5,5,3848450
5,3,3847682
5,255,3848962
5,1,3848706
5,0,3847170
5,4,3846914
5,11,3846658
1,256
2,12
3,17,3853056
3,16,3853058
3,6,1
3,2,1
3,20,1
3,3,1
3,255,1
3,1,1
3,12,18688
3,7,18690
3,0,18690
3,4,18690
4,6
5,6,3853824
5,2,3853568
5,20,18688
5,3,18688
5,255,18688
5,1,18688
1,256
2,12
3,17,3853056
3,16,3853058
3,6,1
3,2,1
3,20,1
3,3,1
3,255,1
3,1,1
3,12,2876162
3,7,18690
3,0,18690
3,4,18690
4,6
5,6,3853824
5,2,3853568
5,20,18688
5,3,18688
5,255,18688
5,1,18688
1,256
2,12
3,17,3853056
3,16,3853058
3,6,1
3,2,1
3,20,18688
3,3,1
3,255,1
3,1,1
3,12,18688
3,7,18690
3,0,18690
3,4,18690
4,5
5,6,3853824
5,2,3853568
5,3,18688
5,255,18688
5,1,18688
1,256
2,12
3,17,3853056
3,16,3853058
3,6,3853824
3,2,1
3,20,18688
3,3,18688
3,255,1
3,1,1
3,12,18688
3,7,18690
3,0,18690
3,4,18690
4,3
5,2,3853568
5,255,18688
5,1,18688
1,256
2,12
3,17,3853056
3,16,3853058
3,6,3853824
3,2,3853568
3,20,1
3,3,1
3,255,1
3,1,1
3,12,18688
3,7,18690
3,0,18690
3,4,18690
4,4
5,20,18688
5,3,18688
5,255,18688
5,1,18688
1,256
2,12
3,17,3853056
3,16,3853058
3,6,3853824
3,2,3853568
3,20,18688
3,3,1
3,255,1
3,1,1
3,12,18688
3,7,18690
3,0,18690
3,4,18690
4,3
5,3,18688
5,255,18688
5,1,18688
1,256
2,12
3,17,3853056
3,16,3853058
3,6,3853824
3,2,3853568
3,20,18688
3,3,18688
3,255,1
3,1,1
3,12,18688
3,7,18690
3,0,18690
3,4,18690
4,2
5,255,18688
5,1,18688
1,256
2,12
3,16,0
3,15,0
3,6,0
3,2,1
3,5,1
3,13,0
3,3,0
3,255,3878144
3,1,3878144
3,12,0
3,0,0
3,4,0
4,4
5,2,3853570
5,5,3853826
5,255,3853824
5,1,3853568
1,256
2,12
3,16,0
3,15,0
3,6,0
3,2,3878144
3,5,1
3,13,0
3,3,0
3,255,3878144
3,1,1
3,12,0
3,0,0
3,4,0
4,4
5,2,2876672
5,5,2876162
5,255,2876160
5,1,2876674
1,256
2,12
3,16,1
3,19,18688
3,6,1
3,2,1
3,5,3853058
3,20,18690
3,3,1
3,255,1
3,1,3853058
3,0,1
3,4,3853058
3,8,3853056
4,6
5,16,3853056
5,6,2876162
5,2,3853056
5,3,2876674
5,255,3853056
5,0,3853056
1,256
2,12
3,16,1
3,19,18688
3,6,1
3,2,1
3,5,3853058
3,20,18690
3,3,1
3,255,1
3,1,3853058
3,0,1
3,4,3853058
3,8,3853824
4,6
5,16,3853056
5,6,2876162
5,2,3853056
5,3,2876674
5,255,3853056
5,0,3853056
1,256
2,12
3,16,1
3,19,18688
3,6,2876162
3,2,1
3,5,3853058
3,20,18690
3,3,2876674
3,255,1
3,1,3853058
3,0,1
3,4,3853058
3,8,3853056
4,4
5,16,3853056
5,2,3853056
5,255,3853056
5,0,3853056
1,256
2,12
3,16,1
3,6,3853056
3,2,1
3,5,1
3,13,18688
3,3,3853056
3,255,1
3,1,1
3,12,18690
3,7,3853056
3,0,1
3,8,3853058
4,6
5,16,3853058
5,2,3853058
5,5,2876672
5,255,3853058
5,1,2876160
5,0,3853058
1,256
2,12
3,16,1
3,6,3853056
3,2,1
3,5,1
3,13,18688
3,3,3853056
3,255,1
3,1,1
3,12,18690
3,7,3853056
3,0,1
3,8,3853568
4,6
5,16,3853058
5,2,3853058
5,5,2876672
5,255,3853058
5,1,2876160
5,0,3853058
1,256
2,12
3,16,1
3,6,3853056
3,2,1
3,5,2876672
3,13,18688
3,3,3853056
3,255,1
3,1,2876160
3,12,18690
3,7,3853056
3,0,1
3,8,3853058
4,4
5,16,3853058
5,2,3853058
5,255,3853058
5,0,3853058
1,256
2,12
3,16,3853056
3,19,18688
3,6,1
3,2,1
3,5,3853058
3,20,18690
3,3,1
3,255,1
3,1,3853058
3,0,1
3,4,3853058
3,8,3853056
4,5
5,6,2876162
5,2,3853056
5,3,2876674
5,255,3853056
5,0,3853056
1,256
2,12
3,16,3853056
3,19,18688
3,6,2876162
3,2,1
3,5,3853058
3,20,18690
3,3,2876674
3,255,1
3,1,3853058
3,0,1
3,4,3853058
3,8,3853056
4,3
5,2,3853056
5,255,3853056
5,0,3853056
1,256
2,12
3,16,3853056
3,19,18688
3,6,2876162
3,2,3853056
3,5,3853058
3,20,18690
3,3,1
3,255,1
3,1,3853058
3,0,1
3,4,3853058
3,8,3853056
4,3
5,3,2876674
5,255,3853056
5,0,3853056
1,256
2,12
3,16,3853056
3,19,18688
3,6,2876162
3,2,3853056
3,5,3853058
3,20,18690
3,3,2876674
3,255,1
3,1,3853058
3,0,1
3,4,3853058
3,8,3853056
4,2
5,255,3853056
5,0,3853056
1,256
2,12
3,16,3853056
3,2,1
3,5,3853058
3,20,18688
3,3,1
3,255,1
3,1,3853058
3,21,18690
3,7,1
3,0,1
3,4,3853058
3,8,1
4,6
5,2,3853056
5,3,2876162
5,255,3853056
5,7,2876674
5,0,3853056
5,8,3853056
1,256
2,12
3,16,3853056
3,2,1
3,5,3853058
3,20,18688
3,3,1
3,255,1
3,1,3853058
3,21,18690
3,7,1
3,0,1
3,4,3853058
3,8,3853056
4,5
5,2,3853056
5,3,2876162
5,255,3853056
5,7,2876674
5,0,3853056
1,256
2,12
3,16,3853056
3,2,1
3,5,3853058
3,20,18688
3,3,1
3,255,1
3,1,3853058
3,21,18690
3,7,2876674
3,0,3853056
3,4,3853058
3,8,3853056
4,3
5,2,3853056
5,3,2876162
5,255,3853056
1,256
2,12
3,16,3853056
3,2,1
3,5,3853058
3,20,18688
3,3,2876162
3,255,1
3,1,3853058
3,21,18690
3,7,2876674
3,0,1
3,4,3853058
3,8,1
4,4
5,2,3853056
5,255,3853056
5,0,3853056
5,8,3853056
1,256
2,12
3,16,3853056
3,2,1
3,5,3853058
3,20,18688
3,3,2876162
3,255,1
3,1,3853058
3,21,18690
3,7,2876674
3,0,1
3,4,3853058
3,8,3853056
4,3
5,2,3853056
5,255,3853056
5,0,3853056
1,256
2,12
3,16,3853056
3,2,1
3,5,3853058
3,20,18688
3,3,2876162
3,255,1
3,1,3853058
3,21,18690
3,7,2876674
3,0,3853056
3,4,3853058
3,8,3853056
4,2
5,2,3853056
5,255,3853056
1,256
2,12
3,16,3853056
3,2,1
3,255,1
3,3,1
3,0,18690
3,7,18690
3,20,18688
3,15,3853058
3,5,1
3,1,1
3,12,1
3,4,18690
4,6
5,2,3853824
5,255,18688
5,3,18688
5,5,3853568
5,1,18688
5,12,18688
1,256
2,12
3,16,3853056
3,2,1
3,255,1
3,3,1
3,0,18690
3,7,18690
3,20,18688
3,15,3853058
3,5,1
3,1,1
3,12,18688
3,4,18690
4,5
5,2,3853824
5,255,18688
5,3,18688
5,5,3853568
5,1,18688
1,256
2,12
3,16,3853056
3,2,1
3,255,1
3,3,1
3,0,18690
3,7,18690
3,20,18688
3,15,3853058
3,5,3853568
3,1,18688
3,12,18688
3,4,18690
4,3
5,2,3853824
5,255,18688
5,3,18688
1,256
2,12
3,16,3853056
3,2,1
3,255,1
3,3,1
3,0,18690
3,7,18690
3,20,2876672
3,15,3853058
3,5,1
3,1,1
3,12,1
3,4,18690
4,6
5,2,3853824
5,255,18688
5,3,18688
5,5,3853568
5,1,18688
5,12,18688
1,256
2,12
3,16,3853056
3,2,3853824
3,3,1
3,255,1
3,1,1
3,12,1
3,0,18690
3,7,18690
3,20,18688
3,15,3853058
3,5,3853568
3,4,18690
4,4
5,255,18688
5,3,18688
5,1,18688
5,12,18688
1,256
2,12
3,16,3853056
3,2,3853824
3,3,1
3,255,1
3,1,1
3,12,18688
3,0,18690
3,7,18690
3,20,18688
3,15,3853058
3,5,3853568
3,4,18690
4,3
5,255,18688
5,3,18688
5,1,18688
1,256
2,12
3,16,3853056
3,2,3853824
3,3,1
3,255,1
3,1,18688
3,12,18688
3,0,18690
3,7,18690
3,20,18688
3,15,3853058
3,5,3853568
3,4,18690
4,2
5,255,18688
5,3,18688
1,256
2,12
3,16,3853058
3,6,3853056
3,2,1
3,5,1
3,13,18688
3,3,3853056
3,255,1
3,1,1
3,12,18690
3,7,3853056
3,0,1
3,8,3853058
4,5
5,2,3853058
5,5,2876672
5,255,3853058
5,1,2876160
5,0,3853058
1,256
2,12
3,16,3853058
3,6,3853056
3,2,1
3,5,2876672
3,13,18688
3,3,3853056
3,255,1
3,1,2876160
3,12,18690
3,7,3853056
3,0,1
3,8,3853058
4,3
5,2,3853058
5,255,3853058
5,0,3853058
1,256
2,12
3,16,3853058
3,6,3853056
3,2,1
3,3,3853056
3,255,1
3,1,1
3,12,18688
3,7,3853056
3,0,1
3,4,1
3,11,18690
3,8,1
4,6
5,2,3853058
5,255,3853058
5,1,2876672
5,0,3853058
5,4,2876160
5,8,3853058
1,256
2,12
3,16,3853058
3,6,3853056
3,2,1
3,3,3853056
3,255,1
3,1,1
3,12,18688
3,7,3853056
3,0,1
3,4,1
3,11,18690
3,8,3853058
4,5
5,2,3853058
5,255,3853058
5,1,2876672
5,0,3853058
5,4,2876160
1,256
2,12
3,16,3853058
3,6,3853056
3,2,1
3,3,3853056
3,255,1
3,1,1
3,12,18688
3,7,3853056
3,0,3853058
3,4,2876160
3,11,18690
3,8,3853058
4,3
5,2,3853058
5,255,3853058
5,1,2876672
1,256
2,12
3,16,3853058
3,6,3853056
3,2,1
3,3,3853056
3,255,1
3,1,2876672
3,12,18688
3,7,3853056
3,0,1
3,4,2876160
3,11,18690
3,8,1
4,4
5,2,3853058
5,255,3853058
5,0,3853058
5,8,3853058
1,256
2,12
3,16,3853058
3,6,3853056
3,2,1
3,3,3853056
3,255,1
3,1,2876672
3,12,18688
3,7,3853056
3,0,1
3,4,2876160
3,11,18690
3,8,3853058
4,3
5,2,3853058
5,255,3853058
5,0,3853058
1,256
2,12
3,16,3853058
3,6,3853056
3,2,1
3,3,3853056
3,255,1
3,1,2876672
3,12,18688
3,7,3853056
3,0,3853058
3,4,2876160
3,11,18690
3,8,3853058
4,2
5,2,3853058
5,255,3853058
1,256
2,12
3,16,3853058
3,6,3853056
3,2,3853058
3,5,2876672
3,13,18688
3,3,3853056
3,255,1
3,1,1
3,12,18690
3,7,3853056
3,0,1
3,8,3853058
4,3
5,255,3853058
5,1,2876160
5,0,3853058
1,256
2,12
3,16,3853058
3,6,3853056
3,2,3853058
3,5,2876672
3,13,18688
3,3,3853056
3,255,1
3,1,2876160
3,12,18690
3,7,3853056
3,0,1
3,8,3853058
4,2
5,255,3853058
5,0,3853058
1,256
2,12
3,16,3853570
3,2,1
3,5,3853058
3,20,18688
3,3,1
3,255,1
3,1,3853058
3,21,18690
3,7,1
3,0,1
3,4,3853058
3,8,1
4,6
5,2,3853056
5,3,2876162
5,255,3853056
5,7,2876674
5,0,3853056
5,8,3853056
1,256
2,12
3,16,3853826
3,6,3853056
3,2,1
3,3,3853056
3,255,1
3,1,1
3,12,18688
3,7,3853056
3,0,1
3,4,1
3,11,18690
3,8,1
4,6
5,2,3853058
5,255,3853058
5,1,2876672
5,0,3853058
5,4,2876160
5,8,3853058
1,256
2,12
3,15,3853312
3,19,5
3,6,5
3,2,3853312
3,5,3867136
3,20,18688
3,3,18688
3,255,3867136
3,1,3853314
3,21,18690
3,7,18690
3,0,2876674
4,12
5,15,3859458
5,19,3858946
5,6,3860994
5,2,3861250
5,5,3859714
5,20,3858690
5,3,3860738
5,255,3861506
5,1,3859970
5,21,3858434
5,7,3860482
5,0,3860226
1,256
2,12
3,15,3853312
3,19,5
3,6,5
3,2,3853312
3,5,3867136
3,20,18688
3,3,18688
3,255,3867136
3,1,3853314
3,21,18690
3,7,18690
3,0,3853314
4,12
5,15,3859458
5,19,3858946
5,6,3860994
5,2,3861250
5,5,3859714
5,20,3858690
5,3,3860738
5,255,3861506
5,1,3859970
5,21,3858434
5,7,3860482
5,0,3860226
1,256
2,12
3,19,18688
3,6,18688
3,2,2873088
3,20,18690
3,3,18690
3,255,2873344
3,1,2873088
3,21,5
3,7,5
3,0,2873090
3,4,2873344
3,9,2873090
4,12
5,19,4101122
5,6,4101378
5,2,4101634
5,20,4103938
5,3,4104194
5,255,4104450
5,1,4102146
5,21,4103682
5,7,4104962
5,0,4104706
5,4,4102402
5,9,4102658
1,256
2,12
3,19,18688
3,6,18688
3,2,2876162
3,20,18690
3,3,18690
3,255,2873344
3,1,2873088
3,21,5
3,7,5
3,0,2873090
3,4,2873344
3,9,2873090
4,12
5,19,4101122
5,6,4101378
5,2,4101634
5,20,4103938
5,3,4104194
5,255,4104450
5,1,4102146
5,21,4103682
5,7,4104962
5,0,4104706
5,4,4102402
5,9,4102658
1,256
2,12
3,6,0
3,2,0
3,20,0
3,3,1
3,255,3878144
3,1,0
3,21,0
3,7,1
3,0,3878144
3,4,0
3,23,0
3,8,0
4,4
5,3,2876672
5,255,2876162
5,7,2876160
5,0,2876674
1,256
2,12
3,6,0
3,2,0
3,20,0
3,3,3878144
3,255,3878144
3,1,0
3,21,0
3,7,1
3,0,1
3,4,0
3,23,0
3,8,0
4,4
5,3,3853570
5,255,3853826
5,7,3853824
5,0,3853568
1,256
2,12
3,6,18688
3,2,18688
3,5,18688
3,20,1
3,3,1
3,255,1
3,1,1
3,12,18690
3,7,1
3,0,1
3,23,3853056
3,8,3853058
4,6
5,20,18690
5,3,18690
5,255,18690
5,1,18690
5,7,3853570
5,0,3853826
1,256
2,12
3,6,18688
3,2,18688
3,5,18688
3,20,1
3,3,1
3,255,1
3,1,1
3,12,18690
3,7,3853570
3,0,3853826
3,23,3853056
3,8,3853058
4,4
5,20,18690
5,3,18690
5,255,18690
5,1,18690
1,256
2,12
3,6,18688
3,2,18688
3,5,18688
3,20,1
3,3,1
3,255,1
3,1,1
3,12,2876674
3,7,1
3,0,1
3,23,3853056
3,8,3853058
4,6
5,20,18690
5,3,18690
5,255,18690
5,1,18690
5,7,3853570
5,0,3853826
1,256
2,12
3,6,18688
3,2,18688
3,5,18688
3,20,18690
3,3,1
3,255,1
3,1,1
3,12,1
3,0,1
3,4,1
3,8,3853056
3,9,3853058
4,6
5,3,18690
5,255,18690
5,1,18690
5,12,18690
5,0,3853570
5,4,3853826
1,256
2,12
3,6,18688
3,2,18688
3,5,18688
3,20,18690
3,3,1
3,255,1
3,1,1
3,12,1
3,0,3853570
3,4,3853826
3,8,3853056
3,9,3853058
4,4
5,3,18690
5,255,18690
5,1,18690
5,12,18690
1,256
2,12
3,6,18688
3,2,18688
3,5,18688
3,20,18690
3,3,1
3,255,1
3,1,1
3,12,18690
3,7,1
3,0,1
3,23,3853056
3,8,3853058
4,5
5,3,18690
5,255,18690
5,1,18690
5,7,3853570
5,0,3853826
1,256
2,12
3,6,18688
3,2,18688
3,5,18688
3,20,18690
3,3,1
3,255,1
3,1,1
3,12,18690
3,7,3853570
3,0,3853826
3,23,3853056
3,8,3853058
4,3
5,3,18690
5,255,18690
5,1,18690
1,256
2,12
3,6,18688
3,2,18688
3,5,18688
3,20,18690
3,3,1
3,255,1
3,1,1
3,12,18690
3,0,1
3,4,1
3,8,3853056
3,9,3853058
4,5
5,3,18690
5,255,18690
5,1,18690
5,0,3853570
5,4,3853826
1,256
2,12
3,6,18688
3,2,18688
3,5,18688
3,20,18690
3,3,1
3,255,1
3,1,1
3,12,18690
3,0,3853570
3,4,3853826
3,8,3853056
3,9,3853058
4,3
5,3,18690
5,255,18690
5,1,18690
1,256
2,12
3,6,18688
3,2,18688
3,5,18688
3,20,18690
3,3,1
3,255,1
3,1,18690
3,12,18690
3,0,1
3,4,3853826
3,8,3853056
3,9,3853058
4,3
5,3,18690
5,255,18690
5,0,3853570
1,256
2,12
3,6,18688
3,2,18688
3,5,18688
3,20,18690
3,3,1
3,255,1
3,1,18690
3,12,18690
3,0,3853570
3,4,3853826
3,8,3853056
3,9,3853058
4,2
5,3,18690
5,255,18690
1,256
2,12
3,6,18688
3,2,18688
3,5,18688
3,20,18690
3,3,18690
3,255,1
3,1,1
3,12,18690
3,7,3853570
3,0,1
3,23,3853056
3,8,3853058
4,3
5,255,18690
5,1,18690
5,0,3853826
1,256
2,12
3,6,18688
3,2,18688
3,5,18688
3,20,18690
3,3,18690
3,255,1
3,1,1
3,12,18690
3,7,3853570
3,0,3853826
3,23,3853056
3,8,3853058
4,2
5,255,18690
5,1,18690
1,256
2,12
3,6,18688
3,2,18688
3,5,18688
3,20,2876160
3,3,1
3,255,1
3,1,1
3,12,1
3,0,1
3,4,1
3,8,3853056
3,9,3853058
4,6
5,3,18690
5,255,18690
5,1,18690
5,12,18690
5,0,3853570
5,4,3853826
1,256
2,12
3,2,0
3,5,0
3,3,0
3,255,3878144
3,1,1
3,12,0
3,7,0
3,0,3878144
3,4,1
3,11,0
3,8,0
3,9,0
4,4
5,255,2876672
5,1,2876162
5,0,2876160
5,4,2876674
1,256
2,12
3,2,2876672
3,5,18688
3,13,18688
3,3,3853312
3,255,3867136
3,1,18690
3,12,18690
3,7,3867136
3,0,3853314
3,4,5
3,11,5
3,23,3853314
4,12
5,2,3860224
5,5,3860480
5,13,3858432
5,3,3859968
5,255,3861504
5,1,3860736
5,12,3858688
5,7,3859712
5,0,3861248
5,4,3860992
5,11,3858944
5,23,3859456
1,256
2,12
3,2,3853312
3,5,18688
3,13,18688
3,3,3853312
3,255,3867136
3,1,18690
3,12,18690
3,7,3867136
3,0,3853314
3,4,5
3,11,5
3,23,3853314
4,12
5,2,3860224
5,5,3860480
5,13,3858432
5,3,3859968
5,255,3861504
5,1,3860736
5,12,3858688
5,7,3859712
5,0,3861248
5,4,3860992
5,11,3858944
5,23,3859456
1,256
2,12
3,2,3853312
3,5,3867136
3,13,3853314
3,3,3853312
3,255,3867136
3,1,3853314
3,7,3853056
3,0,3853058
3,4,5
3,23,3853056
3,8,3853058
3,9,5
4,12
5,2,3862530
5,5,3862786
5,13,3863042
5,3,3862274
5,255,3864322
5,1,3864578
5,7,3862018
5,0,3864066
5,4,3864834
5,23,3861762
5,8,3863810
5,9,3863554
1,256
2,12
3,2,3853312
3,5,3867136
3,13,3853314
3,3,3853570
3,255,3867136
3,1,3853314
3,7,3853056
3,0,3853058
3,4,5
3,23,3853056
3,8,3853058
3,9,5
4,12
5,2,3862530
5,5,3862786
5,13,3863042
5,3,3862274
5,255,3864322
5,1,3864578
5,7,3862018
5,0,3864066
5,4,3864834
5,23,3861762
5,8,3863810
5,9,3863554
1,256
2,12
3,255,2873344
3,0,3853056
3,6,2873344
3,3,2873090
3,7,5
3,23,5
3,1,2873088
3,4,3853058
3,19,2873090
3,9,3853058
3,2,2873088
3,8,3853056
4,12
5,19,3846656
5,6,3846912
5,2,3847168
5,3,3848704
5,255,3848960
5,1,3847680
5,7,3848448
5,0,3848192
5,4,3847936
5,23,3845632
5,8,3845376
5,9,3845120
1,256
2,12
3,255,2873344
3,0,3853056
3,6,2873344
3,3,2873090
3,7,5
3,23,5
3,1,3853826
3,4,3853058
3,19,2873090
3,9,3853058
3,2,2873088
3,8,3853056
4,12
5,19,3846656
5,6,3846912
5,2,3847168
5,3,3848704
5,255,3848960
5,1,3847680
5,7,3848448
5,0,3848192
5,4,3847936
5,23,3845632
5,8,3845376
5,9,3845120
1,256
2,12
3,255,3878144
3,1,3878144
3,4,1
3,0,1
3,12,0
3,11,0
3,3,0
3,7,0
3,8,0
3,9,0
3,2,0
3,5,0
4,4
5,0,3853824
5,4,3853568
5,1,3853826
5,255,3853570
1,256
2,14
3,18,2873088
3,17,5
3,16,5
3,15,3853312
3,19,2873344
3,6,18688
3,2,18688
3,5,3867136
3,20,2873090
3,3,2873344
3,255,3867136
3,1,3853314
3,7,2873090
3,0,3853314
4,14
5,18,3855874
5,17,3856130
5,16,3856386
5,15,3856642
5,19,3855618
5,6,3857666
5,2,3857922
5,5,3856898
5,20,3855362
5,3,3857410
5,255,3858178
5,1,3857154
5,7,5
5,0,5
1,256
2,14
3,18,2873090
3,17,2873344
3,16,2873088
3,19,5
3,6,3853056
3,2,2873344
3,5,2873088
3,20,5
3,3,3853056
3,255,3867136
3,1,3853314
3,21,3853312
3,7,3867136
3,0,3853314
4,14
5,18,3841536
5,17,3841792
5,16,3842048
5,19,3841280
5,6,3843584
5,2,3843840
5,5,5
5,20,3841024
5,3,3843328
5,255,3843072
5,1,5
5,21,3840768
5,7,3840512
5,0,3840256
1,256
2,14
3,17,2873088
3,16,5
3,15,5
3,14,3853312
3,6,2873344
3,2,18688
3,5,18688
3,13,3867136
3,3,2873090
3,255,2873344
3,1,3867136
3,12,3853314
3,0,2873090
3,4,3853314
4,14
5,17,3855874
5,16,3856130
5,15,3856386
5,14,3856642
5,6,3855618
5,2,3857666
5,5,3857922
5,13,3856898
5,3,3855362
5,255,3857410
5,1,3858178
5,12,3857154
5,0,5
5,4,5
1,256
2,14
3,16,3853312
3,15,3867136
3,14,3853314
3,6,3853312
3,2,3867136
3,5,3853058
3,13,5
3,3,2873090
3,255,2873344
3,1,3853058
3,12,5
3,0,2873090
3,4,2873344
3,11,2873088
4,14
5,16,3840258
5,15,3840514
5,14,3840770
5,6,5
5,2,3843074
5,5,3843330
5,13,3841026
5,3,5
5,255,3843842
5,1,3843586
5,12,3841282
5,0,3842050
5,4,3841794
5,11,3841538
1,256
2,14
3,6,3853312
3,2,2873088
3,20,3853312
3,3,3867136
3,255,2873344
3,1,2873088
3,21,3867136
3,7,18690
3,0,18690
3,4,2873344
3,22,3853314
3,23,5
3,8,5
3,9,2873090
4,14
5,6,5
5,2,5
5,20,3857152
5,3,3858176
5,255,3857408
5,1,3855360
5,21,3856896
5,7,3857920
5,0,3857664
5,4,3855616
5,22,3856640
5,23,3856384
5,8,3856128
5,9,3855872
1,256
2,14
3,2,3853312
3,5,2873088
3,3,3853312
3,255,3867136
3,1,2873344
3,12,2873088
3,7,3867136
3,0,18690
3,4,18690
3,11,2873344
3,23,3853314
3,8,5
3,9,5
3,10,2873090
4,14
5,2,5
5,5,5
5,3,3857152
5,255,3858176
5,1,3857408
5,12,3855360
5,7,3856896
5,0,3857920
5,4,3857664
5,11,3855616
5,23,3856640
5,8,3856384
5,9,3856128
5,10,3855872
1,256
2,14
3,2,3853312
3,5,3867136
3,13,3853314
3,3,3853312
3,255,3867136
3,1,3853058
3,12,5
3,7,2873090
3,0,2873344
3,4,3853058
3,11,5
3,8,2873090
3,9,2873344
3,10,2873088
4,14
5,2,3840258
5,5,3840514
5,13,3840770
5,3,5
5,255,3843074
5,1,3843330
5,12,3841026
5,7,5
5,0,3843842
5,4,3843586
5,11,3841282
5,8,3842050
5,9,3841794
5,10,3841538
1,256
2,14
3,255,2873344
3,2,2873088
3,1,2873088
3,0,3867136
3,4,3853314
3,3,3853056
3,7,3853056
3,20,5
3,21,5
3,6,2873344
3,19,2873090
3,8,3853314
3,23,3867136
3,22,3853312
4,14
5,19,3841536
5,6,3841792
5,2,3842048
5,20,3841280
5,3,3843584
5,255,3843840
5,21,3841024
5,7,3843328
5,0,3843072
5,22,3840768
5,23,3840512
5,8,3840256
5,1,5
5,4,5
1,256
2,2
3,6,3878402
3,255,3853314
4,1
5,255,3872258
1,256
2,2
3,5,3879168
3,255,2873090
4,1
5,255,3872000
1,256
2,2
3,3,3868930
3,255,1
4,1
5,255,3878402
1,256
2,2
3,3,3868930
3,255,3878144
4,1
5,255,3878402
1,256
2,2
3,3,3869184
3,255,1
4,1
5,255,3879170
1,256
2,2
3,3,3869184
3,255,3878144
4,1
5,255,3879170
1,256
2,2
3,255,1
3,1,3868928
4,1
5,255,3878400
1,256
2,2
3,255,1
3,1,3869186
4,1
5,255,3879168
1,256
2,2
3,255,2873088
3,7,3879170
4,1
5,255,3872002
1,256
2,2
3,255,3853312
3,4,3878400
4,1
5,255,3872256
1,256
2,2
3,255,3878144
3,1,3868928
4,1
5,255,3878400
1,256
2,2
3,255,3878144
3,1,3869186
4,1
5,255,3879168
1,256
2,3
3,6,3872768
3,2,3867648
3,255,1
4,1
5,255,3870722
1,256
2,3
3,6,3872768
3,2,3867648
3,255,2873344
4,1
5,255,3870722
1,256
2,3
3,6,3872770
3,3,3879170
3,255,1
4,1
5,255,3870978
1,256
2,3
3,6,3872770
3,3,3879170
3,255,2873344
4,1
5,255,3870978
1,256
2,3
3,2,3867392
3,5,3872514
3,255,1
4,1
5,255,3870466
1,256
2,3
3,2,3867392
3,5,3872514
3,255,3867136
4,1
5,255,3870466
1,256
2,3
3,3,3878402
3,255,1
3,7,3872514
4,1
5,255,3871234
1,256
2,3
3,3,3878402
3,255,3867136
3,7,3872514
4,1
5,255,3871234
1,256
2,3
3,255,1
3,1,3878400
3,5,3872512
4,1
5,255,3871232
1,256
2,3
3,255,1
3,1,3879168
3,4,3872768
4,1
5,255,3870976
1,256
2,3
3,255,1
3,0,3867394
3,7,3872512
4,1
5,255,3870464
1,256
2,3
3,255,1
3,0,3867650
3,4,3872770
4,1
5,255,3870720
1,256
2,3
3,255,2873344
3,1,3879168
3,4,3872768
4,1
5,255,3870976
1,256
2,3
3,255,2873344
3,0,3867650
3,4,3872770
4,1
5,255,3870720
1,256
2,3
3,255,3867136
3,1,3878400
3,5,3872512
4,1
5,255,3871232
1,256
2,3
3,255,3867136
3,0,3867394
3,7,3872512
4,1
5,255,3870464
1,256
2,4
3,17,3868930
3,16,3878402
3,6,3867392
3,255,3853314
4,1
5,255,3871490
1,256
2,4
3,16,3879168
3,15,3869186
3,5,3867648
3,255,2873090
4,1
5,255,3871746
1,256
2,4
3,6,3868930
3,2,3878402
3,3,3867392
3,255,3867136
4,1
5,255,3872514
1,256
2,4
3,2,3879168
3,5,3869186
3,255,2873344
3,1,3867648
4,1
5,255,3872768
1,256
2,4
3,3,3867650
3,255,2873344
3,7,3869184
3,0,3879170
4,1
5,255,3872770
1,256
2,4
3,255,2873088
3,7,3867650
3,23,3869184
3,8,3879170
4,1
5,255,3871744
1,256
2,4
3,255,3853312
3,8,3878400
3,4,3867394
3,9,3868928
4,1
5,255,3871488
1,256
2,4
3,255,3867136
3,0,3878400
3,1,3867394
3,4,3868928
4,1
5,255,3872512
1,256
2,9
3,6,1
3,2,1
3,20,1
3,3,1
3,255,1
3,1,1
3,12,18688
3,7,3869186
3,0,3868930
4,6
5,6,3867394
5,2,3867650
5,20,3878400
5,3,3868928
5,255,3869184
5,1,3879170
1,256
2,9
3,6,3868928
3,2,3869184
3,20,1
3,3,1
3,255,1
3,1,1
3,12,18690
3,7,1
3,0,1
4,6
5,20,3879168
5,3,3869186
5,255,3868930
5,1,3878402
5,7,3867648
5,0,3867392
1,256
2,9
3,2,1
3,255,1
3,0,3869186
3,3,1
3,20,18688
3,5,1
3,1,1
3,4,3868930
3,12,1
4,6
5,2,3867394
5,255,3868928
5,3,3878400
5,5,3867650
5,1,3869184
5,12,3879170
1,256
2,9
3,2,3868928
3,5,3869184
3,20,18690
3,3,1
3,255,1
3,1,1
3,12,1
3,0,1
3,4,1
4,6
5,3,3879168
5,255,3869186
5,1,3868930
5,12,3878402
5,0,3867648
5,4,3867392
1,256
2,16
3,17,1
3,16,1
3,19,1
3,6,1
3,2,1
3,5,1
3,13,18688
3,20,1
3,3,1
3,255,1
3,1,1
3,12,18690
3,7,1
3,0,1
3,23,3853056
3,8,3853058
4,6
5,20,3879168
5,3,3869186
5,255,3868930
5,1,3878402
5,7,3867648
5,0,3867392
1,256
2,16
3,17,3853056
3,16,3853058
3,6,1
3,2,1
3,20,1
3,3,1
3,255,1
3,1,1
3,12,18688
3,21,1
3,7,1
3,0,1
3,4,1
3,11,18690
3,23,1
3,8,1
4,6
5,6,3867394
5,2,3867650
5,20,3878400
5,3,3868928
5,255,3869184
5,1,3879170
1,256
2,16
3,16,1
3,15,1
3,19,18688
3,6,1
3,2,1
3,5,1
3,13,1
3,20,18690
3,3,1
3,255,1
3,1,1
3,12,1
3,0,1
3,4,1
3,8,3853056
3,9,3853058
4,6
5,3,3879168
5,255,3869186
5,1,3868930
5,12,3878402
5,0,3867648
5,4,3867392
1,256
2,16
3,16,3853056
3,2,1
3,8,1
3,255,1
3,3,1
3,0,1
3,7,1
3,20,18688
3,21,18690
3,15,3853058
3,5,1
3,9,1
3,1,1
3,12,1
3,4,1
3,11,1
4,6
5,2,3867394
5,255,3868928
5,3,3878400
5,5,3867650
5,1,3869184
5,12,3879170
1,256
2,12
3,255,1
3,1,1
3,4,1
3,0,1
3,12,0
3,11,0
3,3,0
3,7,0
3,8,0
3,9,0
3,2,0
3,5,0
4,4
5,0,3853824
5,4,3853568
5,1,3853826
5,255,3853570
