0,16
1,10
2,1
3,0,0
4,1
5,255,3865856
1,10
2,1
3,2,0
4,1
5,255,3865344
1,160
2,1
3,0,0
4,1
5,255,3865346
1,160
2,1
3,2,0
4,1
5,255,3865858
1,40
2,1
3,1,0
4,1
5,255,3865600
1,40
2,1
3,3,0
4,1
5,255,3608064
1,160
2,1
3,1,0
4,1
5,255,3608066
1,160
2,1
3,3,0
4,1
5,255,3865602
1,5
2,1
3,0,0
4,1
5,255,3866880
1,5
2,1
3,2,0
4,1
5,255,3866368
1,80
2,1
3,0,0
4,1
5,255,3866370
1,80
2,1
3,2,0
4,1
5,255,3866882
1,20
2,1
3,1,0
4,1
5,255,3866624
1,20
2,1
3,3,0
4,1
5,255,3866112
1,80
2,1
3,1,0
4,1
5,255,3866114
1,80
2,1
3,3,0
4,1
5,255,3866626
