0,72
1,256
2,2
3,2,2561792
3,255,2561793
4,2
5,2,2562304
5,255,2562560
1,256
2,2
3,2,2561792
3,255,2573824
4,2
5,2,2562304
5,255,2562816
1,256
2,2
3,2,2561792
3,255,2574592
4,2
5,2,2562304
5,255,2574080
1,256
2,2
3,2,2561795
3,255,2561794
4,2
5,2,2562562
5,255,2562306
1,256
2,2
3,2,2561795
3,255,2562818
4,2
5,2,2562562
5,255,2574082
1,256
2,2
3,2,2561795
3,255,2573826
4,2
5,2,2562562
5,255,2574594
1,256
2,2
3,2,2562816
3,255,2561793
4,2
5,2,2574080
5,255,2562560
1,256
2,2
3,2,2562816
3,255,2573824
4,2
5,2,2574080
5,255,2562816
1,256
2,2
3,2,2562816
3,255,2574592
4,2
5,2,2574080
5,255,2574080
1,256
2,2
3,2,2573824
3,255,2561793
4,2
5,2,2574592
5,255,2562560
1,256
2,2
3,2,2573824
3,255,2573824
4,2
5,2,2574592
5,255,2562816
1,256
2,2
3,2,2573824
3,255,2574592
4,2
5,2,2574592
5,255,2574080
1,256
2,2
3,2,2573826
3,255,2561794
4,2
5,2,2562818
5,255,2562306
1,256
2,2
3,2,2573826
3,255,2562818
4,2
5,2,2562818
5,255,2574082
1,256
2,2
3,2,2573826
3,255,2573826
4,2
5,2,2562818
5,255,2574594
1,256
2,2
3,2,2574594
3,255,2561794
4,2
5,2,2574082
5,255,2562306
1,256
2,2
3,2,2574594
3,255,2562818
4,2
5,2,2574082
5,255,2574082
1,256
2,2
3,2,2574594
3,255,2573826
4,2
5,2,2574082
5,255,2574594
1,256
2,2
3,3,2561792
3,255,2561795
4,2
5,3,2562563
5,255,2562307
1,256
2,2
3,3,2561792
3,255,2562819
4,2
5,3,2562563
5,255,2574083
1,256
2,2
3,3,2561792
3,255,2573827
4,2
5,3,2562563
5,255,2574595
1,256
2,2
3,3,2561793
3,255,2561794
4,2
5,3,2562305
5,255,2562561
1,256
2,2
3,3,2561793
3,255,2573825
4,2
5,3,2562305
5,255,2562817
1,256
2,2
3,3,2561793
3,255,2574593
4,2
5,3,2562305
5,255,2574081
1,256
2,2
3,3,2562817
3,255,2561794
4,2
5,3,2574081
5,255,2562561
1,256
2,2
3,3,2562817
3,255,2573825
4,2
5,3,2574081
5,255,2562817
1,256
2,2
3,3,2562817
3,255,2574593
4,2
5,3,2574081
5,255,2574081
1,256
2,2
3,3,2573825
3,255,2561794
4,2
5,3,2574593
5,255,2562561
1,256
2,2
3,3,2573825
3,255,2573825
4,2
5,3,2574593
5,255,2562817
1,256
2,2
3,3,2573825
3,255,2574593
4,2
5,3,2574593
5,255,2574081
1,256
2,2
3,3,2573827
3,255,2561795
4,2
5,3,2562819
5,255,2562307
1,256
2,2
3,3,2573827
3,255,2562819
4,2
5,3,2562819
5,255,2574083
1,256
2,2
3,3,2573827
3,255,2573827
4,2
5,3,2562819
5,255,2574595
1,256
2,2
3,3,2574595
3,255,2561795
4,2
5,3,2574083
5,255,2562307
1,256
2,2
3,3,2574595
3,255,2562819
4,2
5,3,2574083
5,255,2574083
1,256
2,2
3,3,2574595
3,255,2573827
4,2
5,3,2574083
5,255,2574595
1,256
2,2
3,255,2561792
3,1,2561795
4,2
5,255,2562563
5,1,2562307
1,256
2,2
3,255,2561792
3,1,2562819
4,2
5,255,2562563
5,1,2574083
1,256
2,2
3,255,2561792
3,1,2573827
4,2
5,255,2562563
5,1,2574595
1,256
2,2
3,255,2561792
3,0,2561793
4,2
5,255,2562304
5,0,2562560
1,256
2,2
3,255,2561792
3,0,2573824
4,2
5,255,2562304
5,0,2562816
1,256
2,2
3,255,2561792
3,0,2574592
4,2
5,255,2562304
5,0,2574080
1,256
2,2
3,255,2561793
3,1,2561794
4,2
5,255,2562305
5,1,2562561
1,256
2,2
3,255,2561793
3,1,2573825
4,2
5,255,2562305
5,1,2562817
1,256
2,2
3,255,2561793
3,1,2574593
4,2
5,255,2562305
5,1,2574081
1,256
2,2
3,255,2561795
3,0,2561794
4,2
5,255,2562562
5,0,2562306
1,256
2,2
3,255,2561795
3,0,2562818
4,2
5,255,2562562
5,0,2574082
1,256
2,2
3,255,2561795
3,0,2573826
4,2
5,255,2562562
5,0,2574594
1,256
2,2
3,255,2562816
3,0,2561793
4,2
5,255,2574080
5,0,2562560
1,256
2,2
3,255,2562816
3,0,2573824
4,2
5,255,2574080
5,0,2562816
1,256
2,2
3,255,2562816
3,0,2574592
4,2
5,255,2574080
5,0,2574080
1,256
2,2
3,255,2562817
3,1,2561794
4,2
5,255,2574081
5,1,2562561
1,256
2,2
3,255,2562817
3,1,2573825
4,2
5,255,2574081
5,1,2562817
1,256
2,2
3,255,2562817
3,1,2574593
4,2
5,255,2574081
5,1,2574081
1,256
2,2
3,255,2573824
3,0,2561793
4,2
5,255,2574592
5,0,2562560
1,256
2,2
3,255,2573824
3,0,2573824
4,2
5,255,2574592
5,0,2562816
1,256
2,2
3,255,2573824
3,0,2574592
4,2
5,255,2574592
5,0,2574080
1,256
2,2
3,255,2573825
3,1,2561794
4,2
5,255,2574593
5,1,2562561
1,256
2,2
3,255,2573825
3,1,2573825
4,2
5,255,2574593
5,1,2562817
1,256
2,2
3,255,2573825
3,1,2574593
4,2
5,255,2574593
5,1,2574081
1,256
2,2
3,255,2573826
3,0,2561794
4,2
5,255,2562818
5,0,2562306
1,256
2,2
3,255,2573826
3,0,2562818
4,2
5,255,2562818
5,0,2574082
1,256
2,2
3,255,2573826
3,0,2573826
4,2
5,255,2562818
5,0,2574594
1,256
2,2
3,255,2573827
3,1,2561795
4,2
5,255,2562819
5,1,2562307
1,256
2,2
3,255,2573827
3,1,2562819
4,2
5,255,2562819
5,1,2574083
1,256
2,2
3,255,2573827
3,1,2573827
4,2
5,255,2562819
5,1,2574595
1,256
2,2
3,255,2574594
3,0,2561794
4,2
5,255,2574082
5,0,2562306
1,256
2,2
3,255,2574594
3,0,2562818
4,2
5,255,2574082
5,0,2574082
1,256
2,2
3,255,2574594
3,0,2573826
4,2
5,255,2574082
5,0,2574594
1,256
2,2
3,255,2574595
3,1,2561795
4,2
5,255,2574083
5,1,2562307
1,256
2,2
3,255,2574595
3,1,2562819
4,2
5,255,2574083
5,1,2574083
1,256
2,2
3,255,2574595
3,1,2573827
4,2
5,255,2574083
5,1,2574595
