0,300
1,256
2,4
3,2,2561795
3,5,2562563
3,255,2562561
3,1,2562305
4,4
5,2,2562819
5,5,2574083
5,255,2574081
5,1,2574081
1,256
2,4
3,2,2561795
3,5,2562563
3,255,2562561
3,1,2574592
4,4
5,2,2562819
5,5,2574083
5,255,2574081
5,1,4620547
1,256
2,4
3,2,2561795
3,5,2562816
3,255,2562561
3,1,2562305
4,4
5,2,2562819
5,5,4620546
5,255,2574081
5,1,2574081
1,256
2,4
3,2,2561795
3,5,2574080
3,255,2562561
3,1,2562560
4,4
5,2,2562819
5,5,4620546
5,255,2574081
5,1,2562817
1,256
2,4
3,2,2561795
3,5,2574080
3,255,2562561
3,1,2574080
4,4
5,2,2562819
5,5,4620546
5,255,2574081
5,1,4620547
1,256
2,4
3,2,2562304
3,5,2562819
3,255,2562560
3,1,2573825
4,4
5,2,2562563
5,5,2574083
5,255,2562305
5,1,2562817
1,256
2,4
3,2,2562304
3,5,2562819
3,255,2562560
3,1,2574593
4,4
5,2,2562563
5,5,2574083
5,255,2562305
5,1,2574081
1,256
2,4
3,2,2562304
3,5,2573827
3,255,2562560
3,1,2573825
4,4
5,2,2562563
5,5,2574595
5,255,2562305
5,1,2562817
1,256
2,4
3,2,2562304
3,5,2573827
3,255,2562560
3,1,2574593
4,4
5,2,2562563
5,5,2574595
5,255,2562305
5,1,2574081
1,256
2,4
3,2,2562304
3,5,2573827
3,255,2574080
3,1,2574336
4,4
5,2,2562563
5,5,2574595
5,255,2574592
5,1,2574336
1,256
2,4
3,2,2562304
3,5,2573827
3,255,2574080
3,1,4620544
4,4
5,2,2562563
5,5,2574595
5,255,2574592
5,1,4620544
1,256
2,4
3,2,2562305
3,5,2562561
3,255,2561536
3,1,2561536
4,4
5,2,2574592
5,5,2562818
5,255,2562560
5,1,2562306
1,256
2,4
3,2,2562305
3,5,2562561
3,255,2561792
3,1,2562562
4,4
5,2,2574592
5,5,2562818
5,255,2562816
5,1,2574082
1,256
2,4
3,2,2562305
3,5,2562561
3,255,2562304
3,1,2561795
4,4
5,2,2574592
5,5,2562818
5,255,2574080
5,1,2574594
1,256
2,4
3,2,2562305
3,5,2562561
3,255,2562304
3,1,2562562
4,4
5,2,2574592
5,5,2562818
5,255,2574080
5,1,2574082
1,256
2,4
3,2,2562305
3,5,2562561
3,255,2562304
3,1,2562819
4,4
5,2,2574592
5,5,2562818
5,255,2574080
5,1,4620545
1,256
2,4
3,2,2562305
3,5,2562561
3,255,2562563
3,1,2562307
4,4
5,2,2574592
5,5,2562818
5,255,2562816
5,1,2574594
1,256
2,4
3,2,2562305
3,5,2562561
3,255,2562563
3,1,2574083
4,4
5,2,2574592
5,5,2562818
5,255,2562816
5,1,4620545
1,256
2,4
3,2,2562305
3,5,2562561
3,255,2574083
3,1,2562307
4,4
5,2,2574592
5,5,2562818
5,255,4620546
5,1,2574594
1,256
2,4
3,2,2562305
3,5,2562561
3,255,2574083
3,1,2574083
4,4
5,2,2574592
5,5,2562818
5,255,4620546
5,1,4620545
1,256
2,4
3,2,2562305
3,5,2562561
3,255,2574595
3,1,2562562
4,4
5,2,2574592
5,5,2562818
5,255,4620546
5,1,2574082
1,256
2,4
3,2,2562305
3,5,2574081
3,255,2561536
3,1,2561536
4,4
5,2,2574592
5,5,4620544
5,255,2562560
5,1,2562306
1,256
2,4
3,2,2562305
3,5,2574081
3,255,2561792
3,1,2562562
4,4
5,2,2574592
5,5,4620544
5,255,2562816
5,1,2574082
1,256
2,4
3,2,2562305
3,5,2574081
3,255,2562304
3,1,2561795
4,4
5,2,2574592
5,5,4620544
5,255,2574080
5,1,2574594
1,256
2,4
3,2,2562305
3,5,2574081
3,255,2562304
3,1,2562562
4,4
5,2,2574592
5,5,4620544
5,255,2574080
5,1,2574082
1,256
2,4
3,2,2562305
3,5,2574081
3,255,2562304
3,1,2562819
4,4
5,2,2574592
5,5,4620544
5,255,2574080
5,1,4620545
1,256
2,4
3,2,2562305
3,5,2574081
3,255,2562563
3,1,2562307
4,4
5,2,2574592
5,5,4620544
5,255,2562816
5,1,2574594
1,256
2,4
3,2,2562305
3,5,2574081
3,255,2562563
3,1,2574083
4,4
5,2,2574592
5,5,4620544
5,255,2562816
5,1,4620545
1,256
2,4
3,2,2562305
3,5,2574081
3,255,2574083
3,1,2562307
4,4
5,2,2574592
5,5,4620544
5,255,4620546
5,1,2574594
1,256
2,4
3,2,2562305
3,5,2574081
3,255,2574083
3,1,2574083
4,4
5,2,2574592
5,5,4620544
5,255,4620546
5,1,4620545
1,256
2,4
3,2,2562305
3,5,2574081
3,255,2574595
3,1,2562562
4,4
5,2,2574592
5,5,4620544
5,255,4620546
5,1,2574082
1,256
2,4
3,2,2562305
3,5,4620547
3,255,2561536
3,1,2562560
4,4
5,2,2573824
5,5,2574336
5,255,2562305
5,1,2562817
1,256
2,4
3,2,2562305
3,5,4620547
3,255,2561536
3,1,2562560
4,4
5,2,2574592
5,5,2574336
5,255,2562560
5,1,2573825
1,256
2,4
3,2,2562305
3,5,4620547
3,255,2561536
3,1,2574080
4,4
5,2,2573824
5,5,2574336
5,255,2562305
5,1,4620547
1,256
2,4
3,2,2562305
3,5,4620547
3,255,2562563
3,1,4620546
4,4
5,2,2574592
5,5,2574336
5,255,2562816
5,1,2574336
1,256
2,4
3,2,2562305
3,5,4620547
3,255,2574083
3,1,4620546
4,4
5,2,2574592
5,5,2574336
5,255,4620546
5,1,2574336
1,256
2,4
3,2,2562307
3,5,2561536
3,255,2561794
3,1,2561536
4,4
5,2,2574083
5,5,2562307
5,255,2574593
5,1,2562561
1,256
2,4
3,2,2562307
3,5,2561536
3,255,2562561
3,1,2561536
4,4
5,2,2574083
5,5,2562307
5,255,2574081
5,1,2562561
1,256
2,4
3,2,2562307
3,5,2561536
3,255,2562818
3,1,2561536
4,4
5,2,2574083
5,5,2562307
5,255,4620544
5,1,2562561
1,256
2,4
3,2,2562307
3,5,2561792
3,255,2561794
3,1,2562305
4,4
5,2,2574083
5,5,2574595
5,255,2574593
5,1,2574081
1,256
2,4
3,2,2562307
3,5,2561792
3,255,2562561
3,1,2562305
4,4
5,2,2574083
5,5,2574595
5,255,2574081
5,1,2574081
1,256
2,4
3,2,2562307
3,5,2561792
3,255,2562818
3,1,2562305
4,4
5,2,2574083
5,5,2574595
5,255,4620544
5,1,2574081
1,256
2,4
3,2,2562307
3,5,2562304
3,255,2561794
3,1,2562560
4,4
5,2,2574083
5,5,2574595
5,255,2574593
5,1,2562817
1,256
2,4
3,2,2562307
3,5,2562304
3,255,2561794
3,1,2574080
4,4
5,2,2574083
5,5,2574595
5,255,2574593
5,1,4620547
1,256
2,4
3,2,2562307
3,5,2562304
3,255,2562561
3,1,2562560
4,4
5,2,2574083
5,5,2574595
5,255,2574081
5,1,2562817
1,256
2,4
3,2,2562307
3,5,2562304
3,255,2562561
3,1,2574080
4,4
5,2,2574083
5,5,2574595
5,255,2574081
5,1,4620547
1,256
2,4
3,2,2562307
3,5,2562304
3,255,2562818
3,1,2562560
4,4
5,2,2574083
5,5,2574595
5,255,4620544
5,1,2562817
1,256
2,4
3,2,2562307
3,5,2562304
3,255,2562818
3,1,2574080
4,4
5,2,2574083
5,5,2574595
5,255,4620544
5,1,4620547
1,256
2,4
3,2,2562307
3,5,2562563
3,255,2561794
3,1,2561793
4,4
5,2,2574083
5,5,2574083
5,255,2574593
5,1,2562817
1,256
2,4
3,2,2562307
3,5,2562563
3,255,2561794
3,1,2562305
4,4
5,2,2574083
5,5,2574083
5,255,2574593
5,1,2574081
1,256
2,4
3,2,2562307
3,5,2562563
3,255,2561794
3,1,2574592
4,4
5,2,2574083
5,5,2574083
5,255,2574593
5,1,4620547
1,256
2,4
3,2,2562307
3,5,2562563
3,255,2562561
3,1,2561793
4,4
5,2,2574083
5,5,2574083
5,255,2574081
5,1,2562817
1,256
2,4
3,2,2562307
3,5,2562563
3,255,2562561
3,1,2562305
4,4
5,2,2574083
5,5,2574083
5,255,2574081
5,1,2574081
1,256
2,4
3,2,2562307
3,5,2562563
3,255,2562561
3,1,2574592
4,4
5,2,2574083
5,5,2574083
5,255,2574081
5,1,4620547
1,256
2,4
3,2,2562307
3,5,2562563
3,255,2562818
3,1,2561793
4,4
5,2,2574083
5,5,2574083
5,255,4620544
5,1,2562817
1,256
2,4
3,2,2562307
3,5,2562563
3,255,2562818
3,1,2562305
4,4
5,2,2574083
5,5,2574083
5,255,4620544
5,1,2574081
1,256
2,4
3,2,2562307
3,5,2562563
3,255,2562818
3,1,2574592
4,4
5,2,2574083
5,5,2574083
5,255,4620544
5,1,4620547
1,256
2,4
3,2,2562307
3,5,2562816
3,255,2561794
3,1,2562305
4,4
5,2,2574083
5,5,4620546
5,255,2574593
5,1,2574081
1,256
2,4
3,2,2562307
3,5,2562816
3,255,2562561
3,1,2562305
4,4
5,2,2574083
5,5,4620546
5,255,2574081
5,1,2574081
1,256
2,4
3,2,2562307
3,5,2562816
3,255,2562818
3,1,2562305
4,4
5,2,2574083
5,5,4620546
5,255,4620544
5,1,2574081
1,256
2,4
3,2,2562307
3,5,2574080
3,255,2561794
3,1,2562560
4,4
5,2,2574083
5,5,4620546
5,255,2574593
5,1,2562817
1,256
2,4
3,2,2562307
3,5,2574080
3,255,2561794
3,1,2574080
4,4
5,2,2574083
5,5,4620546
5,255,2574593
5,1,4620547
1,256
2,4
3,2,2562307
3,5,2574080
3,255,2562561
3,1,2562560
4,4
5,2,2574083
5,5,4620546
5,255,2574081
5,1,2562817
1,256
2,4
3,2,2562307
3,5,2574080
3,255,2562561
3,1,2574080
4,4
5,2,2574083
5,5,4620546
5,255,2574081
5,1,4620547
1,256
2,4
3,2,2562307
3,5,2574080
3,255,2562818
3,1,2562560
4,4
5,2,2574083
5,5,4620546
5,255,4620544
5,1,2562817
1,256
2,4
3,2,2562307
3,5,2574080
3,255,2562818
3,1,2574080
4,4
5,2,2574083
5,5,4620546
5,255,4620544
5,1,4620547
1,256
2,4
3,2,2562560
3,5,2561794
3,255,2561536
3,1,2561536
4,4
5,2,2574080
5,5,2562818
5,255,2562560
5,1,2562306
1,256
2,4
3,2,2562560
3,5,2561794
3,255,2561792
3,1,2562562
4,4
5,2,2574080
5,5,2562818
5,255,2562816
5,1,2574082
1,256
2,4
3,2,2562560
3,5,2561794
3,255,2562304
3,1,2561795
4,4
5,2,2574080
5,5,2562818
5,255,2574080
5,1,2574594
1,256
2,4
3,2,2562560
3,5,2561794
3,255,2562304
3,1,2562562
4,4
5,2,2574080
5,5,2562818
5,255,2574080
5,1,2574082
1,256
2,4
3,2,2562560
3,5,2561794
3,255,2562304
3,1,2562819
4,4
5,2,2574080
5,5,2562818
5,255,2574080
5,1,4620545
1,256
2,4
3,2,2562560
3,5,2561794
3,255,2562563
3,1,2562307
4,4
5,2,2574080
5,5,2562818
5,255,2562816
5,1,2574594
1,256
2,4
3,2,2562560
3,5,2561794
3,255,2562563
3,1,2574083
4,4
5,2,2574080
5,5,2562818
5,255,2562816
5,1,4620545
1,256
2,4
3,2,2562560
3,5,2561794
3,255,2574083
3,1,2562307
4,4
5,2,2574080
5,5,2562818
5,255,4620546
5,1,2574594
1,256
2,4
3,2,2562560
3,5,2561794
3,255,2574083
3,1,2574083
4,4
5,2,2574080
5,5,2562818
5,255,4620546
5,1,4620545
1,256
2,4
3,2,2562560
3,5,2561794
3,255,2574595
3,1,2562562
4,4
5,2,2574080
5,5,2562818
5,255,4620546
5,1,2574082
1,256
2,4
3,2,2562560
3,5,2562306
3,255,2561536
3,1,2561536
4,4
5,2,2574080
5,5,2574082
5,255,2562560
5,1,2562306
1,256
2,4
3,2,2562560
3,5,2562306
3,255,2561792
3,1,2562562
4,4
5,2,2574080
5,5,2574082
5,255,2562816
5,1,2574082
1,256
2,4
3,2,2562560
3,5,2562306
3,255,2562304
3,1,2561795
4,4
5,2,2574080
5,5,2574082
5,255,2574080
5,1,2574594
1,256
2,4
3,2,2562560
3,5,2562306
3,255,2562304
3,1,2562562
4,4
5,2,2574080
5,5,2574082
5,255,2574080
5,1,2574082
1,256
2,4
3,2,2562560
3,5,2562306
3,255,2562304
3,1,2562819
4,4
5,2,2574080
5,5,2574082
5,255,2574080
5,1,4620545
1,256
2,4
3,2,2562560
3,5,2562306
3,255,2562563
3,1,2562307
4,4
5,2,2574080
5,5,2574082
5,255,2562816
5,1,2574594
1,256
2,4
3,2,2562560
3,5,2562306
3,255,2562563
3,1,2574083
4,4
5,2,2574080
5,5,2574082
5,255,2562816
5,1,4620545
1,256
2,4
3,2,2562560
3,5,2562306
3,255,2574083
3,1,2562307
4,4
5,2,2574080
5,5,2574082
5,255,4620546
5,1,2574594
1,256
2,4
3,2,2562560
3,5,2562306
3,255,2574083
3,1,2574083
4,4
5,2,2574080
5,5,2574082
5,255,4620546
5,1,4620545
1,256
2,4
3,2,2562560
3,5,2562306
3,255,2574595
3,1,2562562
4,4
5,2,2574080
5,5,2574082
5,255,4620546
5,1,2574082
1,256
2,4
3,2,2562560
3,5,2574593
3,255,2561536
3,1,2561536
4,4
5,2,2574080
5,5,4620544
5,255,2562560
5,1,2562306
1,256
2,4
3,2,2562560
3,5,2574593
3,255,2561792
3,1,2562562
4,4
5,2,2574080
5,5,4620544
5,255,2562816
5,1,2574082
1,256
2,4
3,2,2562560
3,5,2574593
3,255,2562304
3,1,2561795
4,4
5,2,2574080
5,5,4620544
5,255,2574080
5,1,2574594
1,256
2,4
3,2,2562560
3,5,2574593
3,255,2562304
3,1,2562562
4,4
5,2,2574080
5,5,4620544
5,255,2574080
5,1,2574082
1,256
2,4
3,2,2562560
3,5,2574593
3,255,2562304
3,1,2562819
4,4
5,2,2574080
5,5,4620544
5,255,2574080
5,1,4620545
1,256
2,4
3,2,2562560
3,5,2574593
3,255,2562563
3,1,2562307
4,4
5,2,2574080
5,5,4620544
5,255,2562816
5,1,2574594
1,256
2,4
3,2,2562560
3,5,2574593
3,255,2562563
3,1,2574083
4,4
5,2,2574080
5,5,4620544
5,255,2562816
5,1,4620545
1,256
2,4
3,2,2562560
3,5,2574593
3,255,2574083
3,1,2562307
4,4
5,2,2574080
5,5,4620544
5,255,4620546
5,1,2574594
1,256
2,4
3,2,2562560
3,5,2574593
3,255,2574083
3,1,2574083
4,4
5,2,2574080
5,5,4620544
5,255,4620546
5,1,4620545
1,256
2,4
3,2,2562560
3,5,2574593
3,255,2574595
3,1,2562562
4,4
5,2,2574080
5,5,4620544
5,255,4620546
5,1,2574082
1,256
2,4
3,2,2562562
3,5,2561536
3,255,2562306
3,1,2561536
4,4
5,2,2562819
5,5,2562307
5,255,2574593
5,1,2562561
1,256
2,4
3,2,2562562
3,5,2561536
3,255,2574082
3,1,2561536
4,4
5,2,2562819
5,5,2562307
5,255,4620544
5,1,2562561
1,256
2,4
3,2,2562562
3,5,2561536
3,255,4620545
3,1,2562307
4,4
5,2,2562819
5,5,2562307
5,255,2574336
5,1,2573826
1,256
2,4
3,2,2562562
3,5,2561536
3,255,4620545
3,1,2562307
4,4
5,2,2573827
5,5,2562562
5,255,2574336
5,1,2574594
1,256
2,4
3,2,2562562
3,5,2561536
3,255,4620545
3,1,2574083
4,4
5,2,2573827
5,5,2562562
5,255,2574336
5,1,4620545
1,256
2,4
3,2,2562562
3,5,2561792
3,255,2562306
3,1,2562305
4,4
5,2,2562819
5,5,2574595
5,255,2574593
5,1,2574081
1,256
2,4
3,2,2562562
3,5,2561792
3,255,2574082
3,1,2562305
4,4
5,2,2562819
5,5,2574595
5,255,4620544
5,1,2574081
1,256
2,4
3,2,2562562
3,5,2562304
3,255,2562306
3,1,2562560
4,4
5,2,2562819
5,5,2574595
5,255,2574593
5,1,2562817
1,256
2,4
3,2,2562562
3,5,2562304
3,255,2562306
3,1,2574080
4,4
5,2,2562819
5,5,2574595
5,255,2574593
5,1,4620547
1,256
2,4
3,2,2562562
3,5,2562304
3,255,2574082
3,1,2562560
4,4
5,2,2562819
5,5,2574595
5,255,4620544
5,1,2562817
1,256
2,4
3,2,2562562
3,5,2562304
3,255,2574082
3,1,2574080
4,4
5,2,2562819
5,5,2574595
5,255,4620544
5,1,4620547
1,256
2,4
3,2,2562562
3,5,2562304
3,255,4620545
3,1,4620546
4,4
5,2,2562819
5,5,2574595
5,255,2574336
5,1,2574336
1,256
2,4
3,2,2562562
3,5,2562563
3,255,2562306
3,1,2561793
4,4
5,2,2562819
5,5,2574083
5,255,2574593
5,1,2562817
1,256
2,4
3,2,2562562
3,5,2562563
3,255,2562306
3,1,2562305
4,4
5,2,2562819
5,5,2574083
5,255,2574593
5,1,2574081
1,256
2,4
3,2,2562562
3,5,2562563
3,255,2562306
3,1,2574592
4,4
5,2,2562819
5,5,2574083
5,255,2574593
5,1,4620547
1,256
2,4
3,2,2562562
3,5,2562563
3,255,2574082
3,1,2561793
4,4
5,2,2562819
5,5,2574083
5,255,4620544
5,1,2562817
1,256
2,4
3,2,2562562
3,5,2562563
3,255,2574082
3,1,2562305
4,4
5,2,2562819
5,5,2574083
5,255,4620544
5,1,2574081
1,256
2,4
3,2,2562562
3,5,2562563
3,255,2574082
3,1,2574592
4,4
5,2,2562819
5,5,2574083
5,255,4620544
5,1,4620547
1,256
2,4
3,2,2562562
3,5,2562816
3,255,2562306
3,1,2562305
4,4
5,2,2562819
5,5,4620546
5,255,2574593
5,1,2574081
1,256
2,4
3,2,2562562
3,5,2562816
3,255,2574082
3,1,2562305
4,4
5,2,2562819
5,5,4620546
5,255,4620544
5,1,2574081
1,256
2,4
3,2,2562562
3,5,2574080
3,255,2562306
3,1,2562560
4,4
5,2,2562819
5,5,4620546
5,255,2574593
5,1,2562817
1,256
2,4
3,2,2562562
3,5,2574080
3,255,2562306
3,1,2574080
4,4
5,2,2562819
5,5,4620546
5,255,2574593
5,1,4620547
1,256
2,4
3,2,2562562
3,5,2574080
3,255,2574082
3,1,2562560
4,4
5,2,2562819
5,5,4620546
5,255,4620544
5,1,2562817
1,256
2,4
3,2,2562562
3,5,2574080
3,255,2574082
3,1,2574080
4,4
5,2,2562819
5,5,4620546
5,255,4620544
5,1,4620547
1,256
2,4
3,2,2562562
3,5,2574080
3,255,4620545
3,1,4620546
4,4
5,2,2562819
5,5,4620546
5,255,2574336
5,1,2574336
1,256
2,4
3,2,2562563
3,5,2562307
3,255,2573824
3,1,2562818
4,4
5,2,2562304
5,5,2562562
5,255,2562816
5,1,2574082
1,256
2,4
3,2,2562563
3,5,2562307
3,255,2573824
3,1,2573826
4,4
5,2,2562304
5,5,2562562
5,255,2562816
5,1,2574594
1,256
2,4
3,2,2562563
3,5,2562307
3,255,2574592
3,1,2562818
4,4
5,2,2562304
5,5,2562562
5,255,2574080
5,1,2574082
1,256
2,4
3,2,2562563
3,5,2562307
3,255,2574592
3,1,2573826
4,4
5,2,2562304
5,5,2562562
5,255,2574080
5,1,2574594
1,256
2,4
3,2,2562563
3,5,2574083
3,255,2573824
3,1,2574336
4,4
5,2,2562304
5,5,2562819
5,255,2562816
5,1,2574336
1,256
2,4
3,2,2562563
3,5,2574083
3,255,2573824
3,1,4620544
4,4
5,2,2562304
5,5,2562819
5,255,2562816
5,1,4620544
1,256
2,4
3,2,2562816
3,5,2573826
3,255,2562305
3,1,2562561
4,4
5,2,2574080
5,5,2562818
5,255,2562560
5,1,2562306
1,256
2,4
3,2,2562816
3,5,2574594
3,255,2562305
3,1,2562561
4,4
5,2,2574080
5,5,2574082
5,255,2562560
5,1,2562306
1,256
2,4
3,2,2562817
3,5,2562306
3,255,2561536
3,1,2561536
4,4
5,2,4620547
5,5,2574082
5,255,2562560
5,1,2562306
1,256
2,4
3,2,2562817
3,5,2562306
3,255,2561792
3,1,2562562
4,4
5,2,4620547
5,5,2574082
5,255,2562816
5,1,2574082
1,256
2,4
3,2,2562817
3,5,2562306
3,255,2562304
3,1,2561795
4,4
5,2,4620547
5,5,2574082
5,255,2574080
5,1,2574594
1,256
2,4
3,2,2562817
3,5,2562306
3,255,2562304
3,1,2562562
4,4
5,2,4620547
5,5,2574082
5,255,2574080
5,1,2574082
1,256
2,4
3,2,2562817
3,5,2562306
3,255,2562304
3,1,2562819
4,4
5,2,4620547
5,5,2574082
5,255,2574080
5,1,4620545
1,256
2,4
3,2,2562817
3,5,2562306
3,255,2562563
3,1,2562307
4,4
5,2,4620547
5,5,2574082
5,255,2562816
5,1,2574594
1,256
2,4
3,2,2562817
3,5,2562306
3,255,2562563
3,1,2574083
4,4
5,2,4620547
5,5,2574082
5,255,2562816
5,1,4620545
1,256
2,4
3,2,2562817
3,5,2562306
3,255,2574083
3,1,2562307
4,4
5,2,4620547
5,5,2574082
5,255,4620546
5,1,2574594
1,256
2,4
3,2,2562817
3,5,2562306
3,255,2574083
3,1,2574083
4,4
5,2,4620547
5,5,2574082
5,255,4620546
5,1,4620545
1,256
2,4
3,2,2562817
3,5,2562306
3,255,2574595
3,1,2562562
4,4
5,2,4620547
5,5,2574082
5,255,4620546
5,1,2574082
1,256
2,4
3,2,2573824
3,5,2573826
3,255,2562305
3,1,2562561
4,4
5,2,2574592
5,5,2562818
5,255,2562560
5,1,2562306
1,256
2,4
3,2,2573824
3,5,2574336
3,255,2562305
3,1,2574081
4,4
5,2,2574592
5,5,2574336
5,255,2562560
5,1,2574593
1,256
2,4
3,2,2573824
3,5,2574594
3,255,2562305
3,1,2562561
4,4
5,2,2574592
5,5,2574082
5,255,2562560
5,1,2562306
1,256
2,4
3,2,2573824
3,5,4620545
3,255,2562305
3,1,2574081
4,4
5,2,2574592
5,5,4620545
5,255,2562560
5,1,2574593
1,256
2,4
3,2,2573827
3,5,2562562
3,255,2562817
3,1,2562306
4,4
5,2,2562819
5,5,2562307
5,255,2574081
5,1,2562561
1,256
2,4
3,2,2573827
3,5,2562562
3,255,2573825
3,1,2562306
4,4
5,2,2562819
5,5,2562307
5,255,2574593
5,1,2562561
1,256
2,4
3,2,2573827
3,5,2562562
3,255,2574336
3,1,2574082
4,4
5,2,2562819
5,5,2562307
5,255,2574336
5,1,2562818
1,256
2,4
3,2,2573827
3,5,2562562
3,255,4620547
3,1,2574082
4,4
5,2,2562819
5,5,2562307
5,255,4620547
5,1,2562818
1,256
2,4
3,2,2574080
3,5,2574336
3,255,2562560
3,1,2573825
4,4
5,2,2562816
5,5,2574336
5,255,2562305
5,1,2562817
1,256
2,4
3,2,2574080
3,5,4620545
3,255,2562560
3,1,2573825
4,4
5,2,2562816
5,5,4620545
5,255,2562305
5,1,2562817
1,256
2,4
3,2,2574081
3,5,2562561
3,255,2561536
3,1,2561536
4,4
5,2,4620547
5,5,2562818
5,255,2562560
5,1,2562306
1,256
2,4
3,2,2574081
3,5,2562561
3,255,2561792
3,1,2562562
4,4
5,2,4620547
5,5,2562818
5,255,2562816
5,1,2574082
1,256
2,4
3,2,2574081
3,5,2562561
3,255,2562304
3,1,2561795
4,4
5,2,4620547
5,5,2562818
5,255,2574080
5,1,2574594
1,256
2,4
3,2,2574081
3,5,2562561
3,255,2562304
3,1,2562562
4,4
5,2,4620547
5,5,2562818
5,255,2574080
5,1,2574082
1,256
2,4
3,2,2574081
3,5,2562561
3,255,2562304
3,1,2562819
4,4
5,2,4620547
5,5,2562818
5,255,2574080
5,1,4620545
1,256
2,4
3,2,2574081
3,5,2562561
3,255,2562563
3,1,2562307
4,4
5,2,4620547
5,5,2562818
5,255,2562816
5,1,2574594
1,256
2,4
3,2,2574081
3,5,2562561
3,255,2562563
3,1,2574083
4,4
5,2,4620547
5,5,2562818
5,255,2562816
5,1,4620545
1,256
2,4
3,2,2574081
3,5,2562561
3,255,2574083
3,1,2562307
4,4
5,2,4620547
5,5,2562818
5,255,4620546
5,1,2574594
1,256
2,4
3,2,2574081
3,5,2562561
3,255,2574083
3,1,2574083
4,4
5,2,4620547
5,5,2562818
5,255,4620546
5,1,4620545
1,256
2,4
3,2,2574081
3,5,2562561
3,255,2574595
3,1,2562562
4,4
5,2,4620547
5,5,2562818
5,255,4620546
5,1,2574082
1,256
2,4
3,2,2574081
3,5,2574081
3,255,2561536
3,1,2561536
4,4
5,2,4620547
5,5,4620544
5,255,2562560
5,1,2562306
1,256
2,4
3,2,2574081
3,5,2574081
3,255,2561792
3,1,2562562
4,4
5,2,4620547
5,5,4620544
5,255,2562816
5,1,2574082
1,256
2,4
3,2,2574081
3,5,2574081
3,255,2562304
3,1,2561795
4,4
5,2,4620547
5,5,4620544
5,255,2574080
5,1,2574594
1,256
2,4
3,2,2574081
3,5,2574081
3,255,2562304
3,1,2562562
4,4
5,2,4620547
5,5,4620544
5,255,2574080
5,1,2574082
1,256
2,4
3,2,2574081
3,5,2574081
3,255,2562304
3,1,2562819
4,4
5,2,4620547
5,5,4620544
5,255,2574080
5,1,4620545
1,256
2,4
3,2,2574081
3,5,2574081
3,255,2562563
3,1,2562307
4,4
5,2,4620547
5,5,4620544
5,255,2562816
5,1,2574594
1,256
2,4
3,2,2574081
3,5,2574081
3,255,2562563
3,1,2574083
4,4
5,2,4620547
5,5,4620544
5,255,2562816
5,1,4620545
1,256
2,4
3,2,2574081
3,5,2574081
3,255,2574083
3,1,2562307
4,4
5,2,4620547
5,5,4620544
5,255,4620546
5,1,2574594
1,256
2,4
3,2,2574081
3,5,2574081
3,255,2574083
3,1,2574083
4,4
5,2,4620547
5,5,4620544
5,255,4620546
5,1,4620545
1,256
2,4
3,2,2574081
3,5,2574081
3,255,2574595
3,1,2562562
4,4
5,2,4620547
5,5,4620544
5,255,4620546
5,1,2574082
1,256
2,4
3,2,2574081
3,5,4620547
3,255,2561536
3,1,2562560
4,4
5,2,4620547
5,5,2574336
5,255,2562560
5,1,2573825
1,256
2,4
3,2,2574081
3,5,4620547
3,255,2562563
3,1,4620546
4,4
5,2,4620547
5,5,2574336
5,255,2562816
5,1,2574336
1,256
2,4
3,2,2574081
3,5,4620547
3,255,2574083
3,1,4620546
4,4
5,2,4620547
5,5,2574336
5,255,4620546
5,1,2574336
1,256
2,4
3,2,2574082
3,5,2561536
3,255,2562306
3,1,2561536
4,4
5,2,4620545
5,5,2562307
5,255,2574593
5,1,2562561
1,256
2,4
3,2,2574082
3,5,2561536
3,255,2574082
3,1,2561536
4,4
5,2,4620545
5,5,2562307
5,255,4620544
5,1,2562561
1,256
2,4
3,2,2574082
3,5,2561536
3,255,4620545
3,1,2562307
4,4
5,2,4620545
5,5,2562307
5,255,2574336
5,1,2573826
1,256
2,4
3,2,2574082
3,5,2561792
3,255,2562306
3,1,2562305
4,4
5,2,4620545
5,5,2574595
5,255,2574593
5,1,2574081
1,256
2,4
3,2,2574082
3,5,2561792
3,255,2574082
3,1,2562305
4,4
5,2,4620545
5,5,2574595
5,255,4620544
5,1,2574081
1,256
2,4
3,2,2574082
3,5,2562304
3,255,2562306
3,1,2562560
4,4
5,2,4620545
5,5,2574595
5,255,2574593
5,1,2562817
1,256
2,4
3,2,2574082
3,5,2562304
3,255,2562306
3,1,2574080
4,4
5,2,4620545
5,5,2574595
5,255,2574593
5,1,4620547
1,256
2,4
3,2,2574082
3,5,2562304
3,255,2574082
3,1,2562560
4,4
5,2,4620545
5,5,2574595
5,255,4620544
5,1,2562817
1,256
2,4
3,2,2574082
3,5,2562304
3,255,2574082
3,1,2574080
4,4
5,2,4620545
5,5,2574595
5,255,4620544
5,1,4620547
1,256
2,4
3,2,2574082
3,5,2562304
3,255,4620545
3,1,4620546
4,4
5,2,4620545
5,5,2574595
5,255,2574336
5,1,2574336
1,256
2,4
3,2,2574082
3,5,2562563
3,255,2562306
3,1,2561793
4,4
5,2,4620545
5,5,2574083
5,255,2574593
5,1,2562817
1,256
2,4
3,2,2574082
3,5,2562563
3,255,2562306
3,1,2562305
4,4
5,2,4620545
5,5,2574083
5,255,2574593
5,1,2574081
1,256
2,4
3,2,2574082
3,5,2562563
3,255,2562306
3,1,2574592
4,4
5,2,4620545
5,5,2574083
5,255,2574593
5,1,4620547
1,256
2,4
3,2,2574082
3,5,2562563
3,255,2574082
3,1,2561793
4,4
5,2,4620545
5,5,2574083
5,255,4620544
5,1,2562817
1,256
2,4
3,2,2574082
3,5,2562563
3,255,2574082
3,1,2562305
4,4
5,2,4620545
5,5,2574083
5,255,4620544
5,1,2574081
1,256
2,4
3,2,2574082
3,5,2562563
3,255,2574082
3,1,2574592
4,4
5,2,4620545
5,5,2574083
5,255,4620544
5,1,4620547
1,256
2,4
3,2,2574082
3,5,2562816
3,255,2562306
3,1,2562305
4,4
5,2,4620545
5,5,4620546
5,255,2574593
5,1,2574081
1,256
2,4
3,2,2574082
3,5,2562816
3,255,2574082
3,1,2562305
4,4
5,2,4620545
5,5,4620546
5,255,4620544
5,1,2574081
1,256
2,4
3,2,2574082
3,5,2574080
3,255,2562306
3,1,2562560
4,4
5,2,4620545
5,5,4620546
5,255,2574593
5,1,2562817
1,256
2,4
3,2,2574082
3,5,2574080
3,255,2562306
3,1,2574080
4,4
5,2,4620545
5,5,4620546
5,255,2574593
5,1,4620547
1,256
2,4
3,2,2574082
3,5,2574080
3,255,2574082
3,1,2562560
4,4
5,2,4620545
5,5,4620546
5,255,4620544
5,1,2562817
1,256
2,4
3,2,2574082
3,5,2574080
3,255,2574082
3,1,2574080
4,4
5,2,4620545
5,5,4620546
5,255,4620544
5,1,4620547
1,256
2,4
3,2,2574082
3,5,2574080
3,255,4620545
3,1,4620546
4,4
5,2,4620545
5,5,4620546
5,255,2574336
5,1,2574336
1,256
2,4
3,2,2574083
3,5,2562307
3,255,2574336
3,1,2573826
4,4
5,2,2574595
5,5,2562562
5,255,2574336
5,1,2574594
1,256
2,4
3,2,2574083
3,5,2562307
3,255,4620547
3,1,2573826
4,4
5,2,2574595
5,5,2562562
5,255,4620547
5,1,2574594
1,256
2,4
3,2,2574336
3,5,2573826
3,255,2574081
3,1,2562561
4,4
5,2,2574336
5,5,2562818
5,255,2562817
5,1,2562306
1,256
2,4
3,2,2574336
3,5,2574082
3,255,2573825
3,1,2562306
4,4
5,2,2574336
5,5,2574594
5,255,2574593
5,1,2562561
1,256
2,4
3,2,2574594
3,5,2561536
3,255,2562561
3,1,2561536
4,4
5,2,4620545
5,5,2562307
5,255,2574081
5,1,2562561
1,256
2,4
3,2,2574594
3,5,2561792
3,255,2562561
3,1,2562305
4,4
5,2,4620545
5,5,2574595
5,255,2574081
5,1,2574081
1,256
2,4
3,2,2574594
3,5,2562304
3,255,2562561
3,1,2562560
4,4
5,2,4620545
5,5,2574595
5,255,2574081
5,1,2562817
1,256
2,4
3,2,2574594
3,5,2562304
3,255,2562561
3,1,2574080
4,4
5,2,4620545
5,5,2574595
5,255,2574081
5,1,4620547
1,256
2,4
3,2,2574594
3,5,2562563
3,255,2562561
3,1,2561793
4,4
5,2,4620545
5,5,2574083
5,255,2574081
5,1,2562817
1,256
2,4
3,2,2574594
3,5,2562563
3,255,2562561
3,1,2562305
4,4
5,2,4620545
5,5,2574083
5,255,2574081
5,1,2574081
1,256
2,4
3,2,2574594
3,5,2562563
3,255,2562561
3,1,2574592
4,4
5,2,4620545
5,5,2574083
5,255,2574081
5,1,4620547
1,256
2,4
3,2,2574594
3,5,2562816
3,255,2562561
3,1,2562305
4,4
5,2,4620545
5,5,4620546
5,255,2574081
5,1,2574081
1,256
2,4
3,2,2574594
3,5,2574080
3,255,2562561
3,1,2562560
4,4
5,2,4620545
5,5,4620546
5,255,2574081
5,1,2562817
1,256
2,4
3,2,2574594
3,5,2574080
3,255,2562561
3,1,2574080
4,4
5,2,4620545
5,5,4620546
5,255,2574081
5,1,4620547
1,256
2,4
3,2,2574595
3,5,2562562
3,255,2562817
3,1,2562306
4,4
5,2,2574083
5,5,2562307
5,255,2574081
5,1,2562561
1,256
2,4
3,2,2574595
3,5,2562562
3,255,2573825
3,1,2562306
4,4
5,2,2574083
5,5,2562307
5,255,2574593
5,1,2562561
1,256
2,4
3,2,4620544
3,5,2562561
3,255,2562306
3,1,2561536
4,4
5,2,2574336
5,5,2562818
5,255,2573825
5,1,2562306
1,256
2,4
3,2,4620544
3,5,2562561
3,255,2562306
3,1,2561536
4,4
5,2,2574336
5,5,2573826
5,255,2574593
5,1,2562561
1,256
2,4
3,2,4620544
3,5,2562561
3,255,2574082
3,1,2561536
4,4
5,2,2574336
5,5,2573826
5,255,4620544
5,1,2562561
1,256
2,4
3,2,4620544
3,5,2562561
3,255,4620545
3,1,2562307
4,4
5,2,2574336
5,5,2562818
5,255,2574336
5,1,2574594
1,256
2,4
3,2,4620544
3,5,2562561
3,255,4620545
3,1,2574083
4,4
5,2,2574336
5,5,2562818
5,255,2574336
5,1,4620545
1,256
2,4
3,2,4620544
3,5,2574081
3,255,2562306
3,1,2561536
4,4
5,2,2574336
5,5,4620544
5,255,2573825
5,1,2562306
1,256
2,4
3,2,4620544
3,5,2574081
3,255,4620545
3,1,2562307
4,4
5,2,2574336
5,5,4620544
5,255,2574336
5,1,2574594
1,256
2,4
3,2,4620544
3,5,2574081
3,255,4620545
3,1,2574083
4,4
5,2,2574336
5,5,4620544
5,255,2574336
5,1,4620545
1,256
2,4
3,2,4620544
3,5,4620547
3,255,2562306
3,1,2562560
4,4
5,2,2574336
5,5,2574336
5,255,2574593
5,1,2562817
1,256
2,4
3,2,4620544
3,5,4620547
3,255,2562306
3,1,2574080
4,4
5,2,2574336
5,5,2574336
5,255,2574593
5,1,4620547
1,256
2,4
3,2,4620544
3,5,4620547
3,255,2574082
3,1,2562560
4,4
5,2,2574336
5,5,2574336
5,255,4620544
5,1,2562817
1,256
2,4
3,2,4620544
3,5,4620547
3,255,2574082
3,1,2574080
4,4
5,2,2574336
5,5,2574336
5,255,4620544
5,1,4620547
1,256
2,4
3,2,4620544
3,5,4620547
3,255,4620545
3,1,4620546
4,4
5,2,2574336
5,5,2574336
5,255,2574336
5,1,2574336
1,256
2,4
3,2,4620546
3,5,2573826
3,255,2574081
3,1,2562561
4,4
5,2,4620546
5,5,2562818
5,255,2562817
5,1,2562306
1,256
2,4
3,2,4620546
3,5,2574082
3,255,2573825
3,1,2562306
4,4
5,2,4620546
5,5,2574594
5,255,2574593
5,1,2562561
1,256
2,4
3,3,2561536
3,255,2561536
3,7,2561792
3,0,2562562
4,4
5,3,2562304
5,255,2562562
5,7,2562816
5,0,2574082
1,256
2,4
3,3,2561536
3,255,2561536
3,7,2562304
3,0,2561795
4,4
5,3,2562304
5,255,2562562
5,7,2574080
5,0,2574594
1,256
2,4
3,3,2561536
3,255,2561536
3,7,2562304
3,0,2562562
4,4
5,3,2562304
5,255,2562562
5,7,2574080
5,0,2574082
1,256
2,4
3,3,2561536
3,255,2561536
3,7,2562304
3,0,2562819
4,4
5,3,2562304
5,255,2562562
5,7,2574080
5,0,4620545
1,256
2,4
3,3,2561536
3,255,2561536
3,7,2562563
3,0,2562307
4,4
5,3,2562304
5,255,2562562
5,7,2562816
5,0,2574594
1,256
2,4
3,3,2561536
3,255,2561536
3,7,2562563
3,0,2574083
4,4
5,3,2562304
5,255,2562562
5,7,2562816
5,0,4620545
1,256
2,4
3,3,2561536
3,255,2561536
3,7,2574083
3,0,2562307
4,4
5,3,2562304
5,255,2562562
5,7,4620546
5,0,2574594
1,256
2,4
3,3,2561536
3,255,2561536
3,7,2574083
3,0,2574083
4,4
5,3,2562304
5,255,2562562
5,7,4620546
5,0,4620545
1,256
2,4
3,3,2561536
3,255,2561536
3,7,2574595
3,0,2562562
4,4
5,3,2562304
5,255,2562562
5,7,4620546
5,0,2574082
1,256
2,4
3,3,2561536
3,255,2561792
3,7,2561536
3,0,2562305
4,4
5,3,2562563
5,255,2574595
5,7,2562305
5,0,2574081
1,256
2,4
3,3,2561536
3,255,2562304
3,7,2561536
3,0,2562560
4,4
5,3,2562563
5,255,2574595
5,7,2562305
5,0,2562817
1,256
2,4
3,3,2561536
3,255,2562304
3,7,2561536
3,0,2574080
4,4
5,3,2562563
5,255,2574595
5,7,2562305
5,0,4620547
1,256
2,4
3,3,2561536
3,255,2562304
3,7,2562563
3,0,4620546
4,4
5,3,2562304
5,255,2573827
5,7,2562816
5,0,2574336
1,256
2,4
3,3,2561536
3,255,2562304
3,7,2562563
3,0,4620546
4,4
5,3,2562563
5,255,2574595
5,7,2573824
5,0,2574336
1,256
2,4
3,3,2561536
3,255,2562304
3,7,2574083
3,0,4620546
4,4
5,3,2562304
5,255,2573827
5,7,4620546
5,0,2574336
1,256
2,4
3,3,2561536
3,255,2562563
3,7,2561536
3,0,2561793
4,4
5,3,2562563
5,255,2574083
5,7,2562305
5,0,2562817
1,256
2,4
3,3,2561536
3,255,2562563
3,7,2561536
3,0,2562305
4,4
5,3,2562563
5,255,2574083
5,7,2562305
5,0,2574081
1,256
2,4
3,3,2561536
3,255,2562563
3,7,2561536
3,0,2574592
4,4
5,3,2562563
5,255,2574083
5,7,2562305
5,0,4620547
1,256
2,4
3,3,2561536
3,255,2562816
3,7,2561536
3,0,2562305
4,4
5,3,2562563
5,255,4620546
5,7,2562305
5,0,2574081
1,256
2,4
3,3,2561536
3,255,2574080
3,7,2561536
3,0,2562560
4,4
5,3,2562563
5,255,4620546
5,7,2562305
5,0,2562817
1,256
2,4
3,3,2561536
3,255,2574080
3,7,2561536
3,0,2574080
4,4
5,3,2562563
5,255,4620546
5,7,2562305
5,0,4620547
1,256
2,4
3,3,2561536
3,255,2574080
3,7,2562563
3,0,4620546
4,4
5,3,2562563
5,255,4620546
5,7,2573824
5,0,2574336
1,256
2,4
3,3,2561793
3,255,2562306
3,7,2561536
3,0,2561536
4,4
5,3,2574592
5,255,2574082
5,7,2562560
5,0,2562306
1,256
2,4
3,3,2561793
3,255,2562306
3,7,2561792
3,0,2562562
4,4
5,3,2574592
5,255,2574082
5,7,2562816
5,0,2574082
1,256
2,4
3,3,2561793
3,255,2562306
3,7,2562304
3,0,2561795
4,4
5,3,2574592
5,255,2574082
5,7,2574080
5,0,2574594
1,256
2,4
3,3,2561793
3,255,2562306
3,7,2562304
3,0,2562562
4,4
5,3,2574592
5,255,2574082
5,7,2574080
5,0,2574082
1,256
2,4
3,3,2561793
3,255,2562306
3,7,2562304
3,0,2562819
4,4
5,3,2574592
5,255,2574082
5,7,2574080
5,0,4620545
1,256
2,4
3,3,2561793
3,255,2562306
3,7,2562563
3,0,2562307
4,4
5,3,2574592
5,255,2574082
5,7,2562816
5,0,2574594
1,256
2,4
3,3,2561793
3,255,2562306
3,7,2562563
3,0,2574083
4,4
5,3,2574592
5,255,2574082
5,7,2562816
5,0,4620545
1,256
2,4
3,3,2561793
3,255,2562306
3,7,2574083
3,0,2562307
4,4
5,3,2574592
5,255,2574082
5,7,4620546
5,0,2574594
1,256
2,4
3,3,2561793
3,255,2562306
3,7,2574083
3,0,2574083
4,4
5,3,2574592
5,255,2574082
5,7,4620546
5,0,4620545
1,256
2,4
3,3,2561793
3,255,2562306
3,7,2574595
3,0,2562562
4,4
5,3,2574592
5,255,2574082
5,7,4620546
5,0,2574082
1,256
2,4
3,3,2561795
3,255,2561536
3,7,2562561
3,0,2561536
4,4
5,3,2562819
5,255,2562307
5,7,2574081
5,0,2562561
1,256
2,4
3,3,2561795
3,255,2561792
3,7,2562561
3,0,2562305
4,4
5,3,2562819
5,255,2574595
5,7,2574081
5,0,2574081
1,256
2,4
3,3,2561795
3,255,2562304
3,7,2562561
3,0,2562560
4,4
5,3,2562819
5,255,2574595
5,7,2574081
5,0,2562817
1,256
2,4
3,3,2561795
3,255,2562304
3,7,2562561
3,0,2574080
4,4
5,3,2562819
5,255,2574595
5,7,2574081
5,0,4620547
1,256
2,4
3,3,2561795
3,255,2562563
3,7,2562561
3,0,2561793
4,4
5,3,2562819
5,255,2574083
5,7,2574081
5,0,2562817
1,256
2,4
3,3,2561795
3,255,2562563
3,7,2562561
3,0,2562305
4,4
5,3,2562819
5,255,2574083
5,7,2574081
5,0,2574081
1,256
2,4
3,3,2561795
3,255,2562563
3,7,2562561
3,0,2574592
4,4
5,3,2562819
5,255,2574083
5,7,2574081
5,0,4620547
1,256
2,4
3,3,2561795
3,255,2562816
3,7,2562561
3,0,2562305
4,4
5,3,2562819
5,255,4620546
5,7,2574081
5,0,2574081
1,256
2,4
3,3,2561795
3,255,2574080
3,7,2562561
3,0,2562560
4,4
5,3,2562819
5,255,4620546
5,7,2574081
5,0,2562817
1,256
2,4
3,3,2561795
3,255,2574080
3,7,2562561
3,0,2574080
4,4
5,3,2562819
5,255,4620546
5,7,2574081
5,0,4620547
1,256
2,4
3,3,2562304
3,255,2562819
3,7,2562560
3,0,2573825
4,4
5,3,2562563
5,255,2574083
5,7,2562305
5,0,2562817
1,256
2,4
3,3,2562304
3,255,2562819
3,7,2562560
3,0,2574593
4,4
5,3,2562563
5,255,2574083
5,7,2562305
5,0,2574081
1,256
2,4
3,3,2562304
3,255,2573827
3,7,2562560
3,0,2573825
4,4
5,3,2562563
5,255,2574595
5,7,2562305
5,0,2562817
1,256
2,4
3,3,2562304
3,255,2573827
3,7,2562560
3,0,2574593
4,4
5,3,2562563
5,255,2574595
5,7,2562305
5,0,2574081
1,256
2,4
3,3,2562304
3,255,2573827
3,7,2574080
3,0,2574336
4,4
5,3,2562563
5,255,2574595
5,7,2574592
5,0,2574336
1,256
2,4
3,3,2562304
3,255,2573827
3,7,2574080
3,0,4620544
4,4
5,3,2562563
5,255,2574595
5,7,2574592
5,0,4620544
1,256
2,4
3,3,2562305
3,255,2562561
3,7,2561536
3,0,2561536
4,4
5,3,2574592
5,255,2562818
5,7,2562560
5,0,2562306
1,256
2,4
3,3,2562305
3,255,2562561
3,7,2561792
3,0,2562562
4,4
5,3,2574592
5,255,2562818
5,7,2562816
5,0,2574082
1,256
2,4
3,3,2562305
3,255,2562561
3,7,2562304
3,0,2561795
4,4
5,3,2574592
5,255,2562818
5,7,2574080
5,0,2574594
1,256
2,4
3,3,2562305
3,255,2562561
3,7,2562304
3,0,2562562
4,4
5,3,2574592
5,255,2562818
5,7,2574080
5,0,2574082
1,256
2,4
3,3,2562305
3,255,2562561
3,7,2562304
3,0,2562819
4,4
5,3,2574592
5,255,2562818
5,7,2574080
5,0,4620545
1,256
2,4
3,3,2562305
3,255,2562561
3,7,2562563
3,0,2562307
4,4
5,3,2574592
5,255,2562818
5,7,2562816
5,0,2574594
1,256
2,4
3,3,2562305
3,255,2562561
3,7,2562563
3,0,2574083
4,4
5,3,2574592
5,255,2562818
5,7,2562816
5,0,4620545
1,256
2,4
3,3,2562305
3,255,2562561
3,7,2574083
3,0,2562307
4,4
5,3,2574592
5,255,2562818
5,7,4620546
5,0,2574594
1,256
2,4
3,3,2562305
3,255,2562561
3,7,2574083
3,0,2574083
4,4
5,3,2574592
5,255,2562818
5,7,4620546
5,0,4620545
1,256
2,4
3,3,2562305
3,255,2562561
3,7,2574595
3,0,2562562
4,4
5,3,2574592
5,255,2562818
5,7,4620546
5,0,2574082
1,256
2,4
3,3,2562305
3,255,2574081
3,7,2561536
3,0,2561536
4,4
5,3,2574592
5,255,4620544
5,7,2562560
5,0,2562306
1,256
2,4
3,3,2562305
3,255,2574081
3,7,2561792
3,0,2562562
4,4
5,3,2574592
5,255,4620544
5,7,2562816
5,0,2574082
1,256
2,4
3,3,2562305
3,255,2574081
3,7,2562304
3,0,2561795
4,4
5,3,2574592
5,255,4620544
5,7,2574080
5,0,2574594
1,256
2,4
3,3,2562305
3,255,2574081
3,7,2562304
3,0,2562562
4,4
5,3,2574592
5,255,4620544
5,7,2574080
5,0,2574082
1,256
2,4
3,3,2562305
3,255,2574081
3,7,2562304
3,0,2562819
4,4
5,3,2574592
5,255,4620544
5,7,2574080
5,0,4620545
1,256
2,4
3,3,2562305
3,255,2574081
3,7,2562563
3,0,2562307
4,4
5,3,2574592
5,255,4620544
5,7,2562816
5,0,2574594
1,256
2,4
3,3,2562305
3,255,2574081
3,7,2562563
3,0,2574083
4,4
5,3,2574592
5,255,4620544
5,7,2562816
5,0,4620545
1,256
2,4
3,3,2562305
3,255,2574081
3,7,2574083
3,0,2562307
4,4
5,3,2574592
5,255,4620544
5,7,4620546
5,0,2574594
1,256
2,4
3,3,2562305
3,255,2574081
3,7,2574083
3,0,2574083
4,4
5,3,2574592
5,255,4620544
5,7,4620546
5,0,4620545
1,256
2,4
3,3,2562305
3,255,2574081
3,7,2574595
3,0,2562562
4,4
5,3,2574592
5,255,4620544
5,7,4620546
5,0,2574082
1,256
2,4
3,3,2562305
3,255,4620547
3,7,2561536
3,0,2562560
4,4
5,3,2573824
5,255,2574336
5,7,2562305
5,0,2562817
1,256
2,4
3,3,2562305
3,255,4620547
3,7,2561536
3,0,2562560
4,4
5,3,2574592
5,255,2574336
5,7,2562560
5,0,2573825
1,256
2,4
3,3,2562305
3,255,4620547
3,7,2561536
3,0,2574080
4,4
5,3,2573824
5,255,2574336
5,7,2562305
5,0,4620547
1,256
2,4
3,3,2562305
3,255,4620547
3,7,2562563
3,0,4620546
4,4
5,3,2574592
5,255,2574336
5,7,2562816
5,0,2574336
1,256
2,4
3,3,2562305
3,255,4620547
3,7,2574083
3,0,4620546
4,4
5,3,2574592
5,255,2574336
5,7,4620546
5,0,2574336
1,256
2,4
3,3,2562307
3,255,2561536
3,7,2561794
3,0,2561536
4,4
5,3,2574083
5,255,2562307
5,7,2574593
5,0,2562561
