0,107
1,256
2,4
3,255,2574081
3,0,2574595
3,1,2574081
3,4,2562562
4,4
5,255,4620547
5,0,4620546
5,1,4620544
5,4,2574082
1,256
2,4
3,255,2574082
3,1,2561536
3,0,2562306
3,4,2561536
4,4
5,255,4620545
5,1,2562307
5,0,2574593
5,4,2562561
1,256
2,4
3,255,2574082
3,1,2561536
3,0,2574082
3,4,2561536
4,4
5,255,4620545
5,1,2562307
5,0,4620544
5,4,2562561
1,256
2,4
3,255,2574082
3,1,2561536
3,0,4620545
3,4,2562307
4,4
5,255,4620545
5,1,2562307
5,0,2574336
5,4,2573826
1,256
2,4
3,255,2574082
3,1,2561792
3,0,2562306
3,4,2562305
4,4
5,255,4620545
5,1,2574595
5,0,2574593
5,4,2574081
1,256
2,4
3,255,2574082
3,1,2561792
3,0,2574082
3,4,2562305
4,4
5,255,4620545
5,1,2574595
5,0,4620544
5,4,2574081
1,256
2,4
3,255,2574082
3,1,2562304
3,0,2562306
3,4,2562560
4,4
5,255,4620545
5,1,2574595
5,0,2574593
5,4,2562817
1,256
2,4
3,255,2574082
3,1,2562304
3,0,2562306
3,4,2574080
4,4
5,255,4620545
5,1,2574595
5,0,2574593
5,4,4620547
1,256
2,4
3,255,2574082
3,1,2562304
3,0,2574082
3,4,2562560
4,4
5,255,4620545
5,1,2574595
5,0,4620544
5,4,2562817
1,256
2,4
3,255,2574082
3,1,2562304
3,0,2574082
3,4,2574080
4,4
5,255,4620545
5,1,2574595
5,0,4620544
5,4,4620547
1,256
2,4
3,255,2574082
3,1,2562304
3,0,4620545
3,4,4620546
4,4
5,255,4620545
5,1,2574595
5,0,2574336
5,4,2574336
1,256
2,4
3,255,2574082
3,1,2562563
3,0,2562306
3,4,2561793
4,4
5,255,4620545
5,1,2574083
5,0,2574593
5,4,2562817
1,256
2,4
3,255,2574082
3,1,2562563
3,0,2562306
3,4,2562305
4,4
5,255,4620545
5,1,2574083
5,0,2574593
5,4,2574081
1,256
2,4
3,255,2574082
3,1,2562563
3,0,2562306
3,4,2574592
4,4
5,255,4620545
5,1,2574083
5,0,2574593
5,4,4620547
1,256
2,4
3,255,2574082
3,1,2562563
3,0,2574082
3,4,2561793
4,4
5,255,4620545
5,1,2574083
5,0,4620544
5,4,2562817
1,256
2,4
3,255,2574082
3,1,2562563
3,0,2574082
3,4,2562305
4,4
5,255,4620545
5,1,2574083
5,0,4620544
5,4,2574081
1,256
2,4
3,255,2574082
3,1,2562563
3,0,2574082
3,4,2574592
4,4
5,255,4620545
5,1,2574083
5,0,4620544
5,4,4620547
1,256
2,4
3,255,2574082
3,1,2562816
3,0,2562306
3,4,2562305
4,4
5,255,4620545
5,1,4620546
5,0,2574593
5,4,2574081
1,256
2,4
3,255,2574082
3,1,2562816
3,0,2574082
3,4,2562305
4,4
5,255,4620545
5,1,4620546
5,0,4620544
5,4,2574081
1,256
2,4
3,255,2574082
3,1,2574080
3,0,2562306
3,4,2562560
4,4
5,255,4620545
5,1,4620546
5,0,2574593
5,4,2562817
1,256
2,4
3,255,2574082
3,1,2574080
3,0,2562306
3,4,2574080
4,4
5,255,4620545
5,1,4620546
5,0,2574593
5,4,4620547
1,256
2,4
3,255,2574082
3,1,2574080
3,0,2574082
3,4,2562560
4,4
5,255,4620545
5,1,4620546
5,0,4620544
5,4,2562817
1,256
2,4
3,255,2574082
3,1,2574080
3,0,2574082
3,4,2574080
4,4
5,255,4620545
5,1,4620546
5,0,4620544
5,4,4620547
1,256
2,4
3,255,2574082
3,1,2574080
3,0,4620545
3,4,4620546
4,4
5,255,4620545
5,1,4620546
5,0,2574336
5,4,2574336
1,256
2,4
3,255,2574082
3,0,2562306
3,1,2561536
3,4,2561536
4,4
5,255,4620545
5,0,2574593
5,1,2562307
5,4,2562561
1,256
2,4
3,255,2574082
3,0,2562306
3,1,2561792
3,4,2562305
4,4
5,255,4620545
5,0,2574593
5,1,2574595
5,4,2574081
1,256
2,4
3,255,2574082
3,0,2562306
3,1,2562304
3,4,2562560
4,4
5,255,4620545
5,0,2574593
5,1,2574595
5,4,2562817
1,256
2,4
3,255,2574082
3,0,2562306
3,1,2562304
3,4,2574080
4,4
5,255,4620545
5,0,2574593
5,1,2574595
5,4,4620547
1,256
2,4
3,255,2574082
3,0,2562306
3,1,2562563
3,4,2561793
4,4
5,255,4620545
5,0,2574593
5,1,2574083
5,4,2562817
1,256
2,4
3,255,2574082
3,0,2562306
3,1,2562563
3,4,2562305
4,4
5,255,4620545
5,0,2574593
5,1,2574083
5,4,2574081
1,256
2,4
3,255,2574082
3,0,2562306
3,1,2562563
3,4,2574592
4,4
5,255,4620545
5,0,2574593
5,1,2574083
5,4,4620547
1,256
2,4
3,255,2574082
3,0,2562306
3,1,2562816
3,4,2562305
4,4
5,255,4620545
5,0,2574593
5,1,4620546
5,4,2574081
1,256
2,4
3,255,2574082
3,0,2562306
3,1,2574080
3,4,2562560
4,4
5,255,4620545
5,0,2574593
5,1,4620546
5,4,2562817
1,256
2,4
3,255,2574082
3,0,2562306
3,1,2574080
3,4,2574080
4,4
5,255,4620545
5,0,2574593
5,1,4620546
5,4,4620547
1,256
2,4
3,255,2574082
3,0,2574082
3,1,2561536
3,4,2561536
4,4
5,255,4620545
5,0,4620544
5,1,2562307
5,4,2562561
1,256
2,4
3,255,2574082
3,0,2574082
3,1,2561792
3,4,2562305
4,4
5,255,4620545
5,0,4620544
5,1,2574595
5,4,2574081
1,256
2,4
3,255,2574082
3,0,2574082
3,1,2562304
3,4,2562560
4,4
5,255,4620545
5,0,4620544
5,1,2574595
5,4,2562817
1,256
2,4
3,255,2574082
3,0,2574082
3,1,2562304
3,4,2574080
4,4
5,255,4620545
5,0,4620544
5,1,2574595
5,4,4620547
1,256
2,4
3,255,2574082
3,0,2574082
3,1,2562563
3,4,2561793
4,4
5,255,4620545
5,0,4620544
5,1,2574083
5,4,2562817
1,256
2,4
3,255,2574082
3,0,2574082
3,1,2562563
3,4,2562305
4,4
5,255,4620545
5,0,4620544
5,1,2574083
5,4,2574081
1,256
2,4
3,255,2574082
3,0,2574082
3,1,2562563
3,4,2574592
4,4
5,255,4620545
5,0,4620544
5,1,2574083
5,4,4620547
1,256
2,4
3,255,2574082
3,0,2574082
3,1,2562816
3,4,2562305
4,4
5,255,4620545
5,0,4620544
5,1,4620546
5,4,2574081
1,256
2,4
3,255,2574082
3,0,2574082
3,1,2574080
3,4,2562560
4,4
5,255,4620545
5,0,4620544
5,1,4620546
5,4,2562817
1,256
2,4
3,255,2574082
3,0,2574082
3,1,2574080
3,4,2574080
4,4
5,255,4620545
5,0,4620544
5,1,4620546
5,4,4620547
1,256
2,4
3,255,2574082
3,0,4620545
3,1,2561536
3,4,2562307
4,4
5,255,4620545
5,0,2574336
5,1,2562307
5,4,2573826
1,256
2,4
3,255,2574082
3,0,4620545
3,1,2562304
3,4,4620546
4,4
5,255,4620545
5,0,2574336
5,1,2574595
5,4,2574336
1,256
2,4
3,255,2574082
3,0,4620545
3,1,2574080
3,4,4620546
4,4
5,255,4620545
5,0,2574336
5,1,4620546
5,4,2574336
1,256
2,4
3,255,2574083
3,1,2562307
3,0,2574336
3,4,2573826
4,4
5,255,2574595
5,1,2562562
5,0,2574336
5,4,2574594
1,256
2,4
3,255,2574083
3,1,2562307
3,0,4620547
3,4,2573826
4,4
5,255,2574595
5,1,2562562
5,0,4620547
5,4,2574594
1,256
2,4
3,255,2574083
3,0,2574336
3,1,2562307
3,4,2573826
4,4
5,255,2574595
5,0,2574336
5,1,2562562
5,4,2574594
1,256
2,4
3,255,2574083
3,0,4620547
3,1,2562307
3,4,2573826
4,4
5,255,2574595
5,0,4620547
5,1,2562562
5,4,2574594
1,256
2,4
3,255,2574336
3,1,2573826
3,0,2574081
3,4,2562561
4,4
5,255,2574336
5,1,2562818
5,0,2562817
5,4,2562306
1,256
2,4
3,255,2574336
3,1,2574082
3,0,2573825
3,4,2562306
4,4
5,255,2574336
5,1,2574594
5,0,2574593
5,4,2562561
1,256
2,4
3,255,2574336
3,0,2573825
3,1,2574082
3,4,2562306
4,4
5,255,2574336
5,0,2574593
5,1,2574594
5,4,2562561
1,256
2,4
3,255,2574336
3,0,2574081
3,1,2573826
3,4,2562561
4,4
5,255,2574336
5,0,2562817
5,1,2562818
5,4,2562306
1,256
2,4
3,255,2574594
3,1,2561536
3,0,2562561
3,4,2561536
4,4
5,255,4620545
5,1,2562307
5,0,2574081
5,4,2562561
1,256
2,4
3,255,2574594
3,1,2561792
3,0,2562561
3,4,2562305
4,4
5,255,4620545
5,1,2574595
5,0,2574081
5,4,2574081
1,256
2,4
3,255,2574594
3,1,2562304
3,0,2562561
3,4,2562560
4,4
5,255,4620545
5,1,2574595
5,0,2574081
5,4,2562817
1,256
2,4
3,255,2574594
3,1,2562304
3,0,2562561
3,4,2574080
4,4
5,255,4620545
5,1,2574595
5,0,2574081
5,4,4620547
1,256
2,4
3,255,2574594
3,1,2562563
3,0,2562561
3,4,2561793
4,4
5,255,4620545
5,1,2574083
5,0,2574081
5,4,2562817
1,256
2,4
3,255,2574594
3,1,2562563
3,0,2562561
3,4,2562305
4,4
5,255,4620545
5,1,2574083
5,0,2574081
5,4,2574081
1,256
2,4
3,255,2574594
3,1,2562563
3,0,2562561
3,4,2574592
4,4
5,255,4620545
5,1,2574083
5,0,2574081
5,4,4620547
1,256
2,4
3,255,2574594
3,1,2562816
3,0,2562561
3,4,2562305
4,4
5,255,4620545
5,1,4620546
5,0,2574081
5,4,2574081
1,256
2,4
3,255,2574594
3,1,2574080
3,0,2562561
3,4,2562560
4,4
5,255,4620545
5,1,4620546
5,0,2574081
5,4,2562817
1,256
2,4
3,255,2574594
3,1,2574080
3,0,2562561
3,4,2574080
4,4
5,255,4620545
5,1,4620546
5,0,2574081
5,4,4620547
1,256
2,4
3,255,2574594
3,0,2562561
3,1,2561536
3,4,2561536
4,4
5,255,4620545
5,0,2574081
5,1,2562307
5,4,2562561
1,256
2,4
3,255,2574594
3,0,2562561
3,1,2561792
3,4,2562305
4,4
5,255,4620545
5,0,2574081
5,1,2574595
5,4,2574081
1,256
2,4
3,255,2574594
3,0,2562561
3,1,2562304
3,4,2562560
4,4
5,255,4620545
5,0,2574081
5,1,2574595
5,4,2562817
1,256
2,4
3,255,2574594
3,0,2562561
3,1,2562304
3,4,2574080
4,4
5,255,4620545
5,0,2574081
5,1,2574595
5,4,4620547
1,256
2,4
3,255,2574594
3,0,2562561
3,1,2562563
3,4,2561793
4,4
5,255,4620545
5,0,2574081
5,1,2574083
5,4,2562817
1,256
2,4
3,255,2574594
3,0,2562561
3,1,2562563
3,4,2562305
4,4
5,255,4620545
5,0,2574081
5,1,2574083
5,4,2574081
1,256
2,4
3,255,2574594
3,0,2562561
3,1,2562563
3,4,2574592
4,4
5,255,4620545
5,0,2574081
5,1,2574083
5,4,4620547
1,256
2,4
3,255,2574594
3,0,2562561
3,1,2562816
3,4,2562305
4,4
5,255,4620545
5,0,2574081
5,1,4620546
5,4,2574081
1,256
2,4
3,255,2574594
3,0,2562561
3,1,2574080
3,4,2562560
4,4
5,255,4620545
5,0,2574081
5,1,4620546
5,4,2562817
1,256
2,4
3,255,2574594
3,0,2562561
3,1,2574080
3,4,2574080
4,4
5,255,4620545
5,0,2574081
5,1,4620546
5,4,4620547
1,256
2,4
3,255,2574595
3,1,2562562
3,0,2562817
3,4,2562306
4,4
5,255,2574083
5,1,2562307
5,0,2574081
5,4,2562561
1,256
2,4
3,255,2574595
3,1,2562562
3,0,2573825
3,4,2562306
4,4
5,255,2574083
5,1,2562307
5,0,2574593
5,4,2562561
1,256
2,4
3,255,2574595
3,0,2562817
3,1,2562562
3,4,2562306
4,4
5,255,2574083
5,0,2574081
5,1,2562307
5,4,2562561
1,256
2,4
3,255,2574595
3,0,2573825
3,1,2562562
3,4,2562306
4,4
5,255,2574083
5,0,2574593
5,1,2562307
5,4,2562561
1,256
2,4
3,255,4620544
3,1,2562561
3,0,2562306
3,4,2561536
4,4
5,255,2574336
5,1,2573826
5,0,2574593
5,4,2562561
1,256
2,4
3,255,4620544
3,1,2562561
3,0,2574082
3,4,2561536
4,4
5,255,2574336
5,1,2573826
5,0,4620544
5,4,2562561
1,256
2,4
3,255,4620544
3,1,2562561
3,0,4620545
3,4,2562307
4,4
5,255,2574336
5,1,2562818
5,0,2574336
5,4,2574594
1,256
2,4
3,255,4620544
3,1,2562561
3,0,4620545
3,4,2574083
4,4
5,255,2574336
5,1,2562818
5,0,2574336
5,4,4620545
1,256
2,4
3,255,4620544
3,1,2574081
3,0,2562306
3,4,2561536
4,4
5,255,2574336
5,1,4620544
5,0,2573825
5,4,2562306
1,256
2,4
3,255,4620544
3,1,2574081
3,0,4620545
3,4,2562307
4,4
5,255,2574336
5,1,4620544
5,0,2574336
5,4,2574594
1,256
2,4
3,255,4620544
3,1,2574081
3,0,4620545
3,4,2574083
4,4
5,255,2574336
5,1,4620544
5,0,2574336
5,4,4620545
1,256
2,4
3,255,4620544
3,1,4620547
3,0,2562306
3,4,2562560
4,4
5,255,2574336
5,1,2574336
5,0,2574593
5,4,2562817
1,256
2,4
3,255,4620544
3,1,4620547
3,0,2562306
3,4,2574080
4,4
5,255,2574336
5,1,2574336
5,0,2574593
5,4,4620547
1,256
2,4
3,255,4620544
3,1,4620547
3,0,2574082
3,4,2562560
4,4
5,255,2574336
5,1,2574336
5,0,4620544
5,4,2562817
1,256
2,4
3,255,4620544
3,1,4620547
3,0,2574082
3,4,2574080
4,4
5,255,2574336
5,1,2574336
5,0,4620544
5,4,4620547
1,256
2,4
3,255,4620544
3,1,4620547
3,0,4620545
3,4,4620546
4,4
5,255,2574336
5,1,2574336
5,0,2574336
5,4,2574336
1,256
2,4
3,255,4620544
3,0,2562306
3,1,2562561
3,4,2561536
4,4
5,255,2574336
5,0,2573825
5,1,2562818
5,4,2562306
1,256
2,4
3,255,4620544
3,0,2562306
3,1,2574081
3,4,2561536
4,4
5,255,2574336
5,0,2573825
5,1,4620544
5,4,2562306
1,256
2,4
3,255,4620544
3,0,2562306
3,1,4620547
3,4,2562560
4,4
5,255,2574336
5,0,2574593
5,1,2574336
5,4,2562817
1,256
2,4
3,255,4620544
3,0,2562306
3,1,4620547
3,4,2574080
4,4
5,255,2574336
5,0,2574593
5,1,2574336
5,4,4620547
1,256
2,4
3,255,4620544
3,0,2574082
3,1,2562561
3,4,2561536
4,4
5,255,2574336
5,0,4620544
5,1,2573826
5,4,2562561
1,256
2,4
3,255,4620544
3,0,2574082
3,1,4620547
3,4,2562560
4,4
5,255,2574336
5,0,4620544
5,1,2574336
5,4,2562817
1,256
2,4
3,255,4620544
3,0,2574082
3,1,4620547
3,4,2574080
4,4
5,255,2574336
5,0,4620544
5,1,2574336
5,4,4620547
1,256
2,4
3,255,4620544
3,0,4620545
3,1,2562561
3,4,2562307
4,4
5,255,2574336
5,0,2574336
5,1,2562818
5,4,2574594
1,256
2,4
3,255,4620544
3,0,4620545
3,1,2562561
3,4,2574083
4,4
5,255,2574336
5,0,2574336
5,1,2562818
5,4,4620545
1,256
2,4
3,255,4620544
3,0,4620545
3,1,2574081
3,4,2562307
4,4
5,255,2574336
5,0,2574336
5,1,4620544
5,4,2574594
1,256
2,4
3,255,4620544
3,0,4620545
3,1,2574081
3,4,2574083
4,4
5,255,2574336
5,0,2574336
5,1,4620544
5,4,4620545
1,256
2,4
3,255,4620544
3,0,4620545
3,1,4620547
3,4,4620546
4,4
5,255,2574336
5,0,2574336
5,1,2574336
5,4,2574336
1,256
2,4
3,255,4620546
3,1,2573826
3,0,2574081
3,4,2562561
4,4
5,255,4620546
5,1,2562818
5,0,2562817
5,4,2562306
1,256
2,4
3,255,4620546
3,1,2574082
3,0,2573825
3,4,2562306
4,4
5,255,4620546
5,1,2574594
5,0,2574593
5,4,2562561
1,256
2,4
3,255,4620546
3,0,2573825
3,1,2574082
3,4,2562306
4,4
5,255,4620546
5,0,2574593
5,1,2574594
5,4,2562561
1,256
2,4
3,255,4620546
3,0,2574081
3,1,2573826
3,4,2562561
4,4
5,255,4620546
5,0,2562817
5,1,2562818
5,4,2562306
