0,300
1,256
2,4
3,6,2561536
3,2,2561536
3,3,2561792
3,255,2562562
4,4
5,6,2562304
5,2,2562562
5,3,2562816
5,255,2574082
1,256
2,4
3,6,2561536
3,2,2561536
3,3,2562304
3,255,2561795
4,4
5,6,2562304
5,2,2562562
5,3,2574080
5,255,2574594
1,256
2,4
3,6,2561536
3,2,2561536
3,3,2562304
3,255,2562562
4,4
5,6,2562304
5,2,2562562
5,3,2574080
5,255,2574082
1,256
2,4
3,6,2561536
3,2,2561536
3,3,2562304
3,255,2562819
4,4
5,6,2562304
5,2,2562562
5,3,2574080
5,255,4620545
1,256
2,4
3,6,2561536
3,2,2561536
3,3,2562563
3,255,2562307
4,4
5,6,2562304
5,2,2562562
5,3,2562816
5,255,2574594
1,256
2,4
3,6,2561536
3,2,2561536
3,3,2562563
3,255,2574083
4,4
5,6,2562304
5,2,2562562
5,3,2562816
5,255,4620545
1,256
2,4
3,6,2561536
3,2,2561536
3,3,2574083
3,255,2562307
4,4
5,6,2562304
5,2,2562562
5,3,4620546
5,255,2574594
1,256
2,4
3,6,2561536
3,2,2561536
3,3,2574083
3,255,2574083
4,4
5,6,2562304
5,2,2562562
5,3,4620546
5,255,4620545
1,256
2,4
3,6,2561536
3,2,2561536
3,3,2574595
3,255,2562562
4,4
5,6,2562304
5,2,2562562
5,3,4620546
5,255,2574082
1,256
2,4
3,6,2561536
3,2,2561792
3,3,2561536
3,255,2562305
4,4
5,6,2562563
5,2,2574595
5,3,2562305
5,255,2574081
1,256
2,4
3,6,2561536
3,2,2562304
3,3,2561536
3,255,2562560
4,4
5,6,2562563
5,2,2574595
5,3,2562305
5,255,2562817
1,256
2,4
3,6,2561536
3,2,2562304
3,3,2561536
3,255,2574080
4,4
5,6,2562563
5,2,2574595
5,3,2562305
5,255,4620547
1,256
2,4
3,6,2561536
3,2,2562304
3,3,2562563
3,255,4620546
4,4
5,6,2562304
5,2,2573827
5,3,2562816
5,255,2574336
1,256
2,4
3,6,2561536
3,2,2562304
3,3,2562563
3,255,4620546
4,4
5,6,2562563
5,2,2574595
5,3,2573824
5,255,2574336
1,256
2,4
3,6,2561536
3,2,2562304
3,3,2574083
3,255,4620546
4,4
5,6,2562304
5,2,2573827
5,3,4620546
5,255,2574336
1,256
2,4
3,6,2561536
3,2,2562563
3,3,2561536
3,255,2561793
4,4
5,6,2562563
5,2,2574083
5,3,2562305
5,255,2562817
1,256
2,4
3,6,2561536
3,2,2562563
3,3,2561536
3,255,2562305
4,4
5,6,2562563
5,2,2574083
5,3,2562305
5,255,2574081
1,256
2,4
3,6,2561536
3,2,2562563
3,3,2561536
3,255,2574592
4,4
5,6,2562563
5,2,2574083
5,3,2562305
5,255,4620547
1,256
2,4
3,6,2561536
3,2,2562816
3,3,2561536
3,255,2562305
4,4
5,6,2562563
5,2,4620546
5,3,2562305
5,255,2574081
1,256
2,4
3,6,2561536
3,2,2574080
3,3,2561536
3,255,2562560
4,4
5,6,2562563
5,2,4620546
5,3,2562305
5,255,2562817
1,256
2,4
3,6,2561536
3,2,2574080
3,3,2561536
3,255,2574080
4,4
5,6,2562563
5,2,4620546
5,3,2562305
5,255,4620547
1,256
2,4
3,6,2561536
3,2,2574080
3,3,2562563
3,255,4620546
4,4
5,6,2562563
5,2,4620546
5,3,2573824
5,255,2574336
1,256
2,4
3,6,2561793
3,2,2562306
3,3,2561536
3,255,2561536
4,4
5,6,2574592
5,2,2574082
5,3,2562560
5,255,2562306
1,256
2,4
3,6,2561793
3,2,2562306
3,3,2561792
3,255,2562562
4,4
5,6,2574592
5,2,2574082
5,3,2562816
5,255,2574082
1,256
2,4
3,6,2561793
3,2,2562306
3,3,2562304
3,255,2561795
4,4
5,6,2574592
5,2,2574082
5,3,2574080
5,255,2574594
1,256
2,4
3,6,2561793
3,2,2562306
3,3,2562304
3,255,2562562
4,4
5,6,2574592
5,2,2574082
5,3,2574080
5,255,2574082
1,256
2,4
3,6,2561793
3,2,2562306
3,3,2562304
3,255,2562819
4,4
5,6,2574592
5,2,2574082
5,3,2574080
5,255,4620545
1,256
2,4
3,6,2561793
3,2,2562306
3,3,2562563
3,255,2562307
4,4
5,6,2574592
5,2,2574082
5,3,2562816
5,255,2574594
1,256
2,4
3,6,2561793
3,2,2562306
3,3,2562563
3,255,2574083
4,4
5,6,2574592
5,2,2574082
5,3,2562816
5,255,4620545
1,256
2,4
3,6,2561793
3,2,2562306
3,3,2574083
3,255,2562307
4,4
5,6,2574592
5,2,2574082
5,3,4620546
5,255,2574594
1,256
2,4
3,6,2561793
3,2,2562306
3,3,2574083
3,255,2574083
4,4
5,6,2574592
5,2,2574082
5,3,4620546
5,255,4620545
1,256
2,4
3,6,2561793
3,2,2562306
3,3,2574595
3,255,2562562
4,4
5,6,2574592
5,2,2574082
5,3,4620546
5,255,2574082
1,256
2,4
3,6,2561795
3,2,2561536
3,3,2562561
3,255,2561536
4,4
5,6,2562819
5,2,2562307
5,3,2574081
5,255,2562561
1,256
2,4
3,6,2561795
3,2,2561792
3,3,2562561
3,255,2562305
4,4
5,6,2562819
5,2,2574595
5,3,2574081
5,255,2574081
1,256
2,4
3,6,2561795
3,2,2562304
3,3,2562561
3,255,2562560
4,4
5,6,2562819
5,2,2574595
5,3,2574081
5,255,2562817
1,256
2,4
3,6,2561795
3,2,2562304
3,3,2562561
3,255,2574080
4,4
5,6,2562819
5,2,2574595
5,3,2574081
5,255,4620547
1,256
2,4
3,6,2561795
3,2,2562563
3,3,2562561
3,255,2561793
4,4
5,6,2562819
5,2,2574083
5,3,2574081
5,255,2562817
1,256
2,4
3,6,2561795
3,2,2562563
3,3,2562561
3,255,2562305
4,4
5,6,2562819
5,2,2574083
5,3,2574081
5,255,2574081
1,256
2,4
3,6,2561795
3,2,2562563
3,3,2562561
3,255,2574592
4,4
5,6,2562819
5,2,2574083
5,3,2574081
5,255,4620547
1,256
2,4
3,6,2561795
3,2,2562816
3,3,2562561
3,255,2562305
4,4
5,6,2562819
5,2,4620546
5,3,2574081
5,255,2574081
1,256
2,4
3,6,2561795
3,2,2574080
3,3,2562561
3,255,2562560
4,4
5,6,2562819
5,2,4620546
5,3,2574081
5,255,2562817
1,256
2,4
3,6,2561795
3,2,2574080
3,3,2562561
3,255,2574080
4,4
5,6,2562819
5,2,4620546
5,3,2574081
5,255,4620547
1,256
2,4
3,6,2562304
3,2,2562819
3,3,2562560
3,255,2573825
4,4
5,6,2562563
5,2,2574083
5,3,2562305
5,255,2562817
1,256
2,4
3,6,2562304
3,2,2562819
3,3,2562560
3,255,2574593
4,4
5,6,2562563
5,2,2574083
5,3,2562305
5,255,2574081
1,256
2,4
3,6,2562304
3,2,2573827
3,3,2562560
3,255,2573825
4,4
5,6,2562563
5,2,2574595
5,3,2562305
5,255,2562817
1,256
2,4
3,6,2562304
3,2,2573827
3,3,2562560
3,255,2574593
4,4
5,6,2562563
5,2,2574595
5,3,2562305
5,255,2574081
1,256
2,4
3,6,2562304
3,2,2573827
3,3,2574080
3,255,2574336
4,4
5,6,2562563
5,2,2574595
5,3,2574592
5,255,2574336
1,256
2,4
3,6,2562304
3,2,2573827
3,3,2574080
3,255,4620544
4,4
5,6,2562563
5,2,2574595
5,3,2574592
5,255,4620544
1,256
2,4
3,6,2562305
3,2,2562561
3,3,2561536
3,255,2561536
4,4
5,6,2574592
5,2,2562818
5,3,2562560
5,255,2562306
1,256
2,4
3,6,2562305
3,2,2562561
3,3,2561792
3,255,2562562
4,4
5,6,2574592
5,2,2562818
5,3,2562816
5,255,2574082
1,256
2,4
3,6,2562305
3,2,2562561
3,3,2562304
3,255,2561795
4,4
5,6,2574592
5,2,2562818
5,3,2574080
5,255,2574594
1,256
2,4
3,6,2562305
3,2,2562561
3,3,2562304
3,255,2562562
4,4
5,6,2574592
5,2,2562818
5,3,2574080
5,255,2574082
1,256
2,4
3,6,2562305
3,2,2562561
3,3,2562304
3,255,2562819
4,4
5,6,2574592
5,2,2562818
5,3,2574080
5,255,4620545
1,256
2,4
3,6,2562305
3,2,2562561
3,3,2562563
3,255,2562307
4,4
5,6,2574592
5,2,2562818
5,3,2562816
5,255,2574594
1,256
2,4
3,6,2562305
3,2,2562561
3,3,2562563
3,255,2574083
4,4
5,6,2574592
5,2,2562818
5,3,2562816
5,255,4620545
1,256
2,4
3,6,2562305
3,2,2562561
3,3,2574083
3,255,2562307
4,4
5,6,2574592
5,2,2562818
5,3,4620546
5,255,2574594
1,256
2,4
3,6,2562305
3,2,2562561
3,3,2574083
3,255,2574083
4,4
5,6,2574592
5,2,2562818
5,3,4620546
5,255,4620545
1,256
2,4
3,6,2562305
3,2,2562561
3,3,2574595
3,255,2562562
4,4
5,6,2574592
5,2,2562818
5,3,4620546
5,255,2574082
1,256
2,4
3,6,2562305
3,2,2574081
3,3,2561536
3,255,2561536
4,4
5,6,2574592
5,2,4620544
5,3,2562560
5,255,2562306
1,256
2,4
3,6,2562305
3,2,2574081
3,3,2561792
3,255,2562562
4,4
5,6,2574592
5,2,4620544
5,3,2562816
5,255,2574082
1,256
2,4
3,6,2562305
3,2,2574081
3,3,2562304
3,255,2561795
4,4
5,6,2574592
5,2,4620544
5,3,2574080
5,255,2574594
1,256
2,4
3,6,2562305
3,2,2574081
3,3,2562304
3,255,2562562
4,4
5,6,2574592
5,2,4620544
5,3,2574080
5,255,2574082
1,256
2,4
3,6,2562305
3,2,2574081
3,3,2562304
3,255,2562819
4,4
5,6,2574592
5,2,4620544
5,3,2574080
5,255,4620545
1,256
2,4
3,6,2562305
3,2,2574081
3,3,2562563
3,255,2562307
4,4
5,6,2574592
5,2,4620544
5,3,2562816
5,255,2574594
1,256
2,4
3,6,2562305
3,2,2574081
3,3,2562563
3,255,2574083
4,4
5,6,2574592
5,2,4620544
5,3,2562816
5,255,4620545
1,256
2,4
3,6,2562305
3,2,2574081
3,3,2574083
3,255,2562307
4,4
5,6,2574592
5,2,4620544
5,3,4620546
5,255,2574594
1,256
2,4
3,6,2562305
3,2,2574081
3,3,2574083
3,255,2574083
4,4
5,6,2574592
5,2,4620544
5,3,4620546
5,255,4620545
1,256
2,4
3,6,2562305
3,2,2574081
3,3,2574595
3,255,2562562
4,4
5,6,2574592
5,2,4620544
5,3,4620546
5,255,2574082
1,256
2,4
3,6,2562305
3,2,4620547
3,3,2561536
3,255,2562560
4,4
5,6,2573824
5,2,2574336
5,3,2562305
5,255,2562817
1,256
2,4
3,6,2562305
3,2,4620547
3,3,2561536
3,255,2562560
4,4
5,6,2574592
5,2,2574336
5,3,2562560
5,255,2573825
1,256
2,4
3,6,2562305
3,2,4620547
3,3,2561536
3,255,2574080
4,4
5,6,2573824
5,2,2574336
5,3,2562305
5,255,4620547
1,256
2,4
3,6,2562305
3,2,4620547
3,3,2562563
3,255,4620546
4,4
5,6,2574592
5,2,2574336
5,3,2562816
5,255,2574336
1,256
2,4
3,6,2562305
3,2,4620547
3,3,2574083
3,255,4620546
4,4
5,6,2574592
5,2,2574336
5,3,4620546
5,255,2574336
1,256
2,4
3,6,2562307
3,2,2561536
3,3,2561794
3,255,2561536
4,4
5,6,2574083
5,2,2562307
5,3,2574593
5,255,2562561
1,256
2,4
3,6,2562307
3,2,2561536
3,3,2562561
3,255,2561536
4,4
5,6,2574083
5,2,2562307
5,3,2574081
5,255,2562561
1,256
2,4
3,6,2562307
3,2,2561536
3,3,2562818
3,255,2561536
4,4
5,6,2574083
5,2,2562307
5,3,4620544
5,255,2562561
1,256
2,4
3,6,2562307
3,2,2561792
3,3,2561794
3,255,2562305
4,4
5,6,2574083
5,2,2574595
5,3,2574593
5,255,2574081
1,256
2,4
3,6,2562307
3,2,2561792
3,3,2562561
3,255,2562305
4,4
5,6,2574083
5,2,2574595
5,3,2574081
5,255,2574081
1,256
2,4
3,6,2562307
3,2,2561792
3,3,2562818
3,255,2562305
4,4
5,6,2574083
5,2,2574595
5,3,4620544
5,255,2574081
1,256
2,4
3,6,2562307
3,2,2562304
3,3,2561794
3,255,2562560
4,4
5,6,2574083
5,2,2574595
5,3,2574593
5,255,2562817
1,256
2,4
3,6,2562307
3,2,2562304
3,3,2561794
3,255,2574080
4,4
5,6,2574083
5,2,2574595
5,3,2574593
5,255,4620547
1,256
2,4
3,6,2562307
3,2,2562304
3,3,2562561
3,255,2562560
4,4
5,6,2574083
5,2,2574595
5,3,2574081
5,255,2562817
1,256
2,4
3,6,2562307
3,2,2562304
3,3,2562561
3,255,2574080
4,4
5,6,2574083
5,2,2574595
5,3,2574081
5,255,4620547
1,256
2,4
3,6,2562307
3,2,2562304
3,3,2562818
3,255,2562560
4,4
5,6,2574083
5,2,2574595
5,3,4620544
5,255,2562817
1,256
2,4
3,6,2562307
3,2,2562304
3,3,2562818
3,255,2574080
4,4
5,6,2574083
5,2,2574595
5,3,4620544
5,255,4620547
1,256
2,4
3,6,2562307
3,2,2562563
3,3,2561794
3,255,2561793
4,4
5,6,2574083
5,2,2574083
5,3,2574593
5,255,2562817
1,256
2,4
3,6,2562307
3,2,2562563
3,3,2561794
3,255,2562305
4,4
5,6,2574083
5,2,2574083
5,3,2574593
5,255,2574081
1,256
2,4
3,6,2562307
3,2,2562563
3,3,2561794
3,255,2574592
4,4
5,6,2574083
5,2,2574083
5,3,2574593
5,255,4620547
1,256
2,4
3,6,2562307
3,2,2562563
3,3,2562561
3,255,2561793
4,4
5,6,2574083
5,2,2574083
5,3,2574081
5,255,2562817
1,256
2,4
3,6,2562307
3,2,2562563
3,3,2562561
3,255,2562305
4,4
5,6,2574083
5,2,2574083
5,3,2574081
5,255,2574081
1,256
2,4
3,6,2562307
3,2,2562563
3,3,2562561
3,255,2574592
4,4
5,6,2574083
5,2,2574083
5,3,2574081
5,255,4620547
1,256
2,4
3,6,2562307
3,2,2562563
3,3,2562818
3,255,2561793
4,4
5,6,2574083
5,2,2574083
5,3,4620544
5,255,2562817
1,256
2,4
3,6,2562307
3,2,2562563
3,3,2562818
3,255,2562305
4,4
5,6,2574083
5,2,2574083
5,3,4620544
5,255,2574081
1,256
2,4
3,6,2562307
3,2,2562563
3,3,2562818
3,255,2574592
4,4
5,6,2574083
5,2,2574083
5,3,4620544
5,255,4620547
1,256
2,4
3,6,2562307
3,2,2562816
3,3,2561794
3,255,2562305
4,4
5,6,2574083
5,2,4620546
5,3,2574593
5,255,2574081
1,256
2,4
3,6,2562307
3,2,2562816
3,3,2562561
3,255,2562305
4,4
5,6,2574083
5,2,4620546
5,3,2574081
5,255,2574081
1,256
2,4
3,6,2562307
3,2,2562816
3,3,2562818
3,255,2562305
4,4
5,6,2574083
5,2,4620546
5,3,4620544
5,255,2574081
1,256
2,4
3,6,2562307
3,2,2574080
3,3,2561794
3,255,2562560
4,4
5,6,2574083
5,2,4620546
5,3,2574593
5,255,2562817
1,256
2,4
3,6,2562307
3,2,2574080
3,3,2561794
3,255,2574080
4,4
5,6,2574083
5,2,4620546
5,3,2574593
5,255,4620547
1,256
2,4
3,6,2562307
3,2,2574080
3,3,2562561
3,255,2562560
4,4
5,6,2574083
5,2,4620546
5,3,2574081
5,255,2562817
1,256
2,4
3,6,2562307
3,2,2574080
3,3,2562561
3,255,2574080
4,4
5,6,2574083
5,2,4620546
5,3,2574081
5,255,4620547
1,256
2,4
3,6,2562307
3,2,2574080
3,3,2562818
3,255,2562560
4,4
5,6,2574083
5,2,4620546
5,3,4620544
5,255,2562817
1,256
2,4
3,6,2562307
3,2,2574080
3,3,2562818
3,255,2574080
4,4
5,6,2574083
5,2,4620546
5,3,4620544
5,255,4620547
1,256
2,4
3,6,2562560
3,2,2561794
3,3,2561536
3,255,2561536
4,4
5,6,2574080
5,2,2562818
5,3,2562560
5,255,2562306
1,256
2,4
3,6,2562560
3,2,2561794
3,3,2561792
3,255,2562562
4,4
5,6,2574080
5,2,2562818
5,3,2562816
5,255,2574082
1,256
2,4
3,6,2562560
3,2,2561794
3,3,2562304
3,255,2561795
4,4
5,6,2574080
5,2,2562818
5,3,2574080
5,255,2574594
1,256
2,4
3,6,2562560
3,2,2561794
3,3,2562304
3,255,2562562
4,4
5,6,2574080
5,2,2562818
5,3,2574080
5,255,2574082
1,256
2,4
3,6,2562560
3,2,2561794
3,3,2562304
3,255,2562819
4,4
5,6,2574080
5,2,2562818
5,3,2574080
5,255,4620545
1,256
2,4
3,6,2562560
3,2,2561794
3,3,2562563
3,255,2562307
4,4
5,6,2574080
5,2,2562818
5,3,2562816
5,255,2574594
1,256
2,4
3,6,2562560
3,2,2561794
3,3,2562563
3,255,2574083
4,4
5,6,2574080
5,2,2562818
5,3,2562816
5,255,4620545
1,256
2,4
3,6,2562560
3,2,2561794
3,3,2574083
3,255,2562307
4,4
5,6,2574080
5,2,2562818
5,3,4620546
5,255,2574594
1,256
2,4
3,6,2562560
3,2,2561794
3,3,2574083
3,255,2574083
4,4
5,6,2574080
5,2,2562818
5,3,4620546
5,255,4620545
1,256
2,4
3,6,2562560
3,2,2561794
3,3,2574595
3,255,2562562
4,4
5,6,2574080
5,2,2562818
5,3,4620546
5,255,2574082
1,256
2,4
3,6,2562560
3,2,2562306
3,3,2561536
3,255,2561536
4,4
5,6,2574080
5,2,2574082
5,3,2562560
5,255,2562306
1,256
2,4
3,6,2562560
3,2,2562306
3,3,2561792
3,255,2562562
4,4
5,6,2574080
5,2,2574082
5,3,2562816
5,255,2574082
1,256
2,4
3,6,2562560
3,2,2562306
3,3,2562304
3,255,2561795
4,4
5,6,2574080
5,2,2574082
5,3,2574080
5,255,2574594
1,256
2,4
3,6,2562560
3,2,2562306
3,3,2562304
3,255,2562562
4,4
5,6,2574080
5,2,2574082
5,3,2574080
5,255,2574082
1,256
2,4
3,6,2562560
3,2,2562306
3,3,2562304
3,255,2562819
4,4
5,6,2574080
5,2,2574082
5,3,2574080
5,255,4620545
1,256
2,4
3,6,2562560
3,2,2562306
3,3,2562563
3,255,2562307
4,4
5,6,2574080
5,2,2574082
5,3,2562816
5,255,2574594
1,256
2,4
3,6,2562560
3,2,2562306
3,3,2562563
3,255,2574083
4,4
5,6,2574080
5,2,2574082
5,3,2562816
5,255,4620545
1,256
2,4
3,6,2562560
3,2,2562306
3,3,2574083
3,255,2562307
4,4
5,6,2574080
5,2,2574082
5,3,4620546
5,255,2574594
1,256
2,4
3,6,2562560
3,2,2562306
3,3,2574083
3,255,2574083
4,4
5,6,2574080
5,2,2574082
5,3,4620546
5,255,4620545
1,256
2,4
3,6,2562560
3,2,2562306
3,3,2574595
3,255,2562562
4,4
5,6,2574080
5,2,2574082
5,3,4620546
5,255,2574082
1,256
2,4
3,6,2562560
3,2,2574593
3,3,2561536
3,255,2561536
4,4
5,6,2574080
5,2,4620544
5,3,2562560
5,255,2562306
1,256
2,4
3,6,2562560
3,2,2574593
3,3,2561792
3,255,2562562
4,4
5,6,2574080
5,2,4620544
5,3,2562816
5,255,2574082
1,256
2,4
3,6,2562560
3,2,2574593
3,3,2562304
3,255,2561795
4,4
5,6,2574080
5,2,4620544
5,3,2574080
5,255,2574594
1,256
2,4
3,6,2562560
3,2,2574593
3,3,2562304
3,255,2562562
4,4
5,6,2574080
5,2,4620544
5,3,2574080
5,255,2574082
1,256
2,4
3,6,2562560
3,2,2574593
3,3,2562304
3,255,2562819
4,4
5,6,2574080
5,2,4620544
5,3,2574080
5,255,4620545
1,256
2,4
3,6,2562560
3,2,2574593
3,3,2562563
3,255,2562307
4,4
5,6,2574080
5,2,4620544
5,3,2562816
5,255,2574594
1,256
2,4
3,6,2562560
3,2,2574593
3,3,2562563
3,255,2574083
4,4
5,6,2574080
5,2,4620544
5,3,2562816
5,255,4620545
1,256
2,4
3,6,2562560
3,2,2574593
3,3,2574083
3,255,2562307
4,4
5,6,2574080
5,2,4620544
5,3,4620546
5,255,2574594
1,256
2,4
3,6,2562560
3,2,2574593
3,3,2574083
3,255,2574083
4,4
5,6,2574080
5,2,4620544
5,3,4620546
5,255,4620545
1,256
2,4
3,6,2562560
3,2,2574593
3,3,2574595
3,255,2562562
4,4
5,6,2574080
5,2,4620544
5,3,4620546
5,255,2574082
1,256
2,4
3,6,2562562
3,2,2561536
3,3,2562306
3,255,2561536
4,4
5,6,2562819
5,2,2562307
5,3,2574593
5,255,2562561
1,256
2,4
3,6,2562562
3,2,2561536
3,3,2574082
3,255,2561536
4,4
5,6,2562819
5,2,2562307
5,3,4620544
5,255,2562561
1,256
2,4
3,6,2562562
3,2,2561536
3,3,4620545
3,255,2562307
4,4
5,6,2562819
5,2,2562307
5,3,2574336
5,255,2573826
1,256
2,4
3,6,2562562
3,2,2561536
3,3,4620545
3,255,2562307
4,4
5,6,2573827
5,2,2562562
5,3,2574336
5,255,2574594
1,256
2,4
3,6,2562562
3,2,2561536
3,3,4620545
3,255,2574083
4,4
5,6,2573827
5,2,2562562
5,3,2574336
5,255,4620545
1,256
2,4
3,6,2562562
3,2,2561792
3,3,2562306
3,255,2562305
4,4
5,6,2562819
5,2,2574595
5,3,2574593
5,255,2574081
1,256
2,4
3,6,2562562
3,2,2561792
3,3,2574082
3,255,2562305
4,4
5,6,2562819
5,2,2574595
5,3,4620544
5,255,2574081
1,256
2,4
3,6,2562562
3,2,2562304
3,3,2562306
3,255,2562560
4,4
5,6,2562819
5,2,2574595
5,3,2574593
5,255,2562817
1,256
2,4
3,6,2562562
3,2,2562304
3,3,2562306
3,255,2574080
4,4
5,6,2562819
5,2,2574595
5,3,2574593
5,255,4620547
1,256
2,4
3,6,2562562
3,2,2562304
3,3,2574082
3,255,2562560
4,4
5,6,2562819
5,2,2574595
5,3,4620544
5,255,2562817
1,256
2,4
3,6,2562562
3,2,2562304
3,3,2574082
3,255,2574080
4,4
5,6,2562819
5,2,2574595
5,3,4620544
5,255,4620547
1,256
2,4
3,6,2562562
3,2,2562304
3,3,4620545
3,255,4620546
4,4
5,6,2562819
5,2,2574595
5,3,2574336
5,255,2574336
1,256
2,4
3,6,2562562
3,2,2562563
3,3,2562306
3,255,2561793
4,4
5,6,2562819
5,2,2574083
5,3,2574593
5,255,2562817
1,256
2,4
3,6,2562562
3,2,2562563
3,3,2562306
3,255,2562305
4,4
5,6,2562819
5,2,2574083
5,3,2574593
5,255,2574081
1,256
2,4
3,6,2562562
3,2,2562563
3,3,2562306
3,255,2574592
4,4
5,6,2562819
5,2,2574083
5,3,2574593
5,255,4620547
1,256
2,4
3,6,2562562
3,2,2562563
3,3,2574082
3,255,2561793
4,4
5,6,2562819
5,2,2574083
5,3,4620544
5,255,2562817
1,256
2,4
3,6,2562562
3,2,2562563
3,3,2574082
3,255,2562305
4,4
5,6,2562819
5,2,2574083
5,3,4620544
5,255,2574081
1,256
2,4
3,6,2562562
3,2,2562563
3,3,2574082
3,255,2574592
4,4
5,6,2562819
5,2,2574083
5,3,4620544
5,255,4620547
1,256
2,4
3,6,2562562
3,2,2562816
3,3,2562306
3,255,2562305
4,4
5,6,2562819
5,2,4620546
5,3,2574593
5,255,2574081
1,256
2,4
3,6,2562562
3,2,2562816
3,3,2574082
3,255,2562305
4,4
5,6,2562819
5,2,4620546
5,3,4620544
5,255,2574081
1,256
2,4
3,6,2562562
3,2,2574080
3,3,2562306
3,255,2562560
4,4
5,6,2562819
5,2,4620546
5,3,2574593
5,255,2562817
1,256
2,4
3,6,2562562
3,2,2574080
3,3,2562306
3,255,2574080
4,4
5,6,2562819
5,2,4620546
5,3,2574593
5,255,4620547
1,256
2,4
3,6,2562562
3,2,2574080
3,3,2574082
3,255,2562560
4,4
5,6,2562819
5,2,4620546
5,3,4620544
5,255,2562817
1,256
2,4
3,6,2562562
3,2,2574080
3,3,2574082
3,255,2574080
4,4
5,6,2562819
5,2,4620546
5,3,4620544
5,255,4620547
1,256
2,4
3,6,2562562
3,2,2574080
3,3,4620545
3,255,4620546
4,4
5,6,2562819
5,2,4620546
5,3,2574336
5,255,2574336
1,256
2,4
3,6,2562563
3,2,2562307
3,3,2573824
3,255,2562818
4,4
5,6,2562304
5,2,2562562
5,3,2562816
5,255,2574082
1,256
2,4
3,6,2562563
3,2,2562307
3,3,2573824
3,255,2573826
4,4
5,6,2562304
5,2,2562562
5,3,2562816
5,255,2574594
1,256
2,4
3,6,2562563
3,2,2562307
3,3,2574592
3,255,2562818
4,4
5,6,2562304
5,2,2562562
5,3,2574080
5,255,2574082
1,256
2,4
3,6,2562563
3,2,2562307
3,3,2574592
3,255,2573826
4,4
5,6,2562304
5,2,2562562
5,3,2574080
5,255,2574594
1,256
2,4
3,6,2562563
3,2,2574083
3,3,2573824
3,255,2574336
4,4
5,6,2562304
5,2,2562819
5,3,2562816
5,255,2574336
1,256
2,4
3,6,2562563
3,2,2574083
3,3,2573824
3,255,4620544
4,4
5,6,2562304
5,2,2562819
5,3,2562816
5,255,4620544
1,256
2,4
3,6,2562816
3,2,2573826
3,3,2562305
3,255,2562561
4,4
5,6,2574080
5,2,2562818
5,3,2562560
5,255,2562306
1,256
2,4
3,6,2562816
3,2,2574594
3,3,2562305
3,255,2562561
4,4
5,6,2574080
5,2,2574082
5,3,2562560
5,255,2562306
1,256
2,4
3,6,2562817
3,2,2562306
3,3,2561536
3,255,2561536
4,4
5,6,4620547
5,2,2574082
5,3,2562560
5,255,2562306
1,256
2,4
3,6,2562817
3,2,2562306
3,3,2561792
3,255,2562562
4,4
5,6,4620547
5,2,2574082
5,3,2562816
5,255,2574082
1,256
2,4
3,6,2562817
3,2,2562306
3,3,2562304
3,255,2561795
4,4
5,6,4620547
5,2,2574082
5,3,2574080
5,255,2574594
1,256
2,4
3,6,2562817
3,2,2562306
3,3,2562304
3,255,2562562
4,4
5,6,4620547
5,2,2574082
5,3,2574080
5,255,2574082
1,256
2,4
3,6,2562817
3,2,2562306
3,3,2562304
3,255,2562819
4,4
5,6,4620547
5,2,2574082
5,3,2574080
5,255,4620545
1,256
2,4
3,6,2562817
3,2,2562306
3,3,2562563
3,255,2562307
4,4
5,6,4620547
5,2,2574082
5,3,2562816
5,255,2574594
1,256
2,4
3,6,2562817
3,2,2562306
3,3,2562563
3,255,2574083
4,4
5,6,4620547
5,2,2574082
5,3,2562816
5,255,4620545
1,256
2,4
3,6,2562817
3,2,2562306
3,3,2574083
3,255,2562307
4,4
5,6,4620547
5,2,2574082
5,3,4620546
5,255,2574594
1,256
2,4
3,6,2562817
3,2,2562306
3,3,2574083
3,255,2574083
4,4
5,6,4620547
5,2,2574082
5,3,4620546
5,255,4620545
1,256
2,4
3,6,2562817
3,2,2562306
3,3,2574595
3,255,2562562
4,4
5,6,4620547
5,2,2574082
5,3,4620546
5,255,2574082
1,256
2,4
3,6,2573824
3,2,2573826
3,3,2562305
3,255,2562561
4,4
5,6,2574592
5,2,2562818
5,3,2562560
5,255,2562306
1,256
2,4
3,6,2573824
3,2,2574336
3,3,2562305
3,255,2574081
4,4
5,6,2574592
5,2,2574336
5,3,2562560
5,255,2574593
1,256
2,4
3,6,2573824
3,2,2574594
3,3,2562305
3,255,2562561
4,4
5,6,2574592
5,2,2574082
5,3,2562560
5,255,2562306
1,256
2,4
3,6,2573824
3,2,4620545
3,3,2562305
3,255,2574081
4,4
5,6,2574592
5,2,4620545
5,3,2562560
5,255,2574593
1,256
2,4
3,6,2573827
3,2,2562562
3,3,2562817
3,255,2562306
4,4
5,6,2562819
5,2,2562307
5,3,2574081
5,255,2562561
1,256
2,4
3,6,2573827
3,2,2562562
3,3,2573825
3,255,2562306
4,4
5,6,2562819
5,2,2562307
5,3,2574593
5,255,2562561
1,256
2,4
3,6,2573827
3,2,2562562
3,3,2574336
3,255,2574082
4,4
5,6,2562819
5,2,2562307
5,3,2574336
5,255,2562818
1,256
2,4
3,6,2573827
3,2,2562562
3,3,4620547
3,255,2574082
4,4
5,6,2562819
5,2,2562307
5,3,4620547
5,255,2562818
1,256
2,4
3,6,2574080
3,2,2574336
3,3,2562560
3,255,2573825
4,4
5,6,2562816
5,2,2574336
5,3,2562305
5,255,2562817
1,256
2,4
3,6,2574080
3,2,4620545
3,3,2562560
3,255,2573825
4,4
5,6,2562816
5,2,4620545
5,3,2562305
5,255,2562817
1,256
2,4
3,6,2574081
3,2,2562561
3,3,2561536
3,255,2561536
4,4
5,6,4620547
5,2,2562818
5,3,2562560
5,255,2562306
1,256
2,4
3,6,2574081
3,2,2562561
3,3,2561792
3,255,2562562
4,4
5,6,4620547
5,2,2562818
5,3,2562816
5,255,2574082
1,256
2,4
3,6,2574081
3,2,2562561
3,3,2562304
3,255,2561795
4,4
5,6,4620547
5,2,2562818
5,3,2574080
5,255,2574594
1,256
2,4
3,6,2574081
3,2,2562561
3,3,2562304
3,255,2562562
4,4
5,6,4620547
5,2,2562818
5,3,2574080
5,255,2574082
1,256
2,4
3,6,2574081
3,2,2562561
3,3,2562304
3,255,2562819
4,4
5,6,4620547
5,2,2562818
5,3,2574080
5,255,4620545
1,256
2,4
3,6,2574081
3,2,2562561
3,3,2562563
3,255,2562307
4,4
5,6,4620547
5,2,2562818
5,3,2562816
5,255,2574594
1,256
2,4
3,6,2574081
3,2,2562561
3,3,2562563
3,255,2574083
4,4
5,6,4620547
5,2,2562818
5,3,2562816
5,255,4620545
1,256
2,4
3,6,2574081
3,2,2562561
3,3,2574083
3,255,2562307
4,4
5,6,4620547
5,2,2562818
5,3,4620546
5,255,2574594
1,256
2,4
3,6,2574081
3,2,2562561
3,3,2574083
3,255,2574083
4,4
5,6,4620547
5,2,2562818
5,3,4620546
5,255,4620545
1,256
2,4
3,6,2574081
3,2,2562561
3,3,2574595
3,255,2562562
4,4
5,6,4620547
5,2,2562818
5,3,4620546
5,255,2574082
1,256
2,4
3,6,2574081
3,2,2574081
3,3,2561536
3,255,2561536
4,4
5,6,4620547
5,2,4620544
5,3,2562560
5,255,2562306
1,256
2,4
3,6,2574081
3,2,2574081
3,3,2561792
3,255,2562562
4,4
5,6,4620547
5,2,4620544
5,3,2562816
5,255,2574082
1,256
2,4
3,6,2574081
3,2,2574081
3,3,2562304
3,255,2561795
4,4
5,6,4620547
5,2,4620544
5,3,2574080
5,255,2574594
1,256
2,4
3,6,2574081
3,2,2574081
3,3,2562304
3,255,2562562
4,4
5,6,4620547
5,2,4620544
5,3,2574080
5,255,2574082
1,256
2,4
3,6,2574081
3,2,2574081
3,3,2562304
3,255,2562819
4,4
5,6,4620547
5,2,4620544
5,3,2574080
5,255,4620545
1,256
2,4
3,6,2574081
3,2,2574081
3,3,2562563
3,255,2562307
4,4
5,6,4620547
5,2,4620544
5,3,2562816
5,255,2574594
1,256
2,4
3,6,2574081
3,2,2574081
3,3,2562563
3,255,2574083
4,4
5,6,4620547
5,2,4620544
5,3,2562816
5,255,4620545
1,256
2,4
3,6,2574081
3,2,2574081
3,3,2574083
3,255,2562307
4,4
5,6,4620547
5,2,4620544
5,3,4620546
5,255,2574594
1,256
2,4
3,6,2574081
3,2,2574081
3,3,2574083
3,255,2574083
4,4
5,6,4620547
5,2,4620544
5,3,4620546
5,255,4620545
1,256
2,4
3,6,2574081
3,2,2574081
3,3,2574595
3,255,2562562
4,4
5,6,4620547
5,2,4620544
5,3,4620546
5,255,2574082
1,256
2,4
3,6,2574081
3,2,4620547
3,3,2561536
3,255,2562560
4,4
5,6,4620547
5,2,2574336
5,3,2562560
5,255,2573825
1,256
2,4
3,6,2574081
3,2,4620547
3,3,2562563
3,255,4620546
4,4
5,6,4620547
5,2,2574336
5,3,2562816
5,255,2574336
1,256
2,4
3,6,2574081
3,2,4620547
3,3,2574083
3,255,4620546
4,4
5,6,4620547
5,2,2574336
5,3,4620546
5,255,2574336
1,256
2,4
3,6,2574082
3,2,2561536
3,3,2562306
3,255,2561536
4,4
5,6,4620545
5,2,2562307
5,3,2574593
5,255,2562561
1,256
2,4
3,6,2574082
3,2,2561536
3,3,2574082
3,255,2561536
4,4
5,6,4620545
5,2,2562307
5,3,4620544
5,255,2562561
1,256
2,4
3,6,2574082
3,2,2561536
3,3,4620545
3,255,2562307
4,4
5,6,4620545
5,2,2562307
5,3,2574336
5,255,2573826
1,256
2,4
3,6,2574082
3,2,2561792
3,3,2562306
3,255,2562305
4,4
5,6,4620545
5,2,2574595
5,3,2574593
5,255,2574081
1,256
2,4
3,6,2574082
3,2,2561792
3,3,2574082
3,255,2562305
4,4
5,6,4620545
5,2,2574595
5,3,4620544
5,255,2574081
1,256
2,4
3,6,2574082
3,2,2562304
3,3,2562306
3,255,2562560
4,4
5,6,4620545
5,2,2574595
5,3,2574593
5,255,2562817
1,256
2,4
3,6,2574082
3,2,2562304
3,3,2562306
3,255,2574080
4,4
5,6,4620545
5,2,2574595
5,3,2574593
5,255,4620547
1,256
2,4
3,6,2574082
3,2,2562304
3,3,2574082
3,255,2562560
4,4
5,6,4620545
5,2,2574595
5,3,4620544
5,255,2562817
1,256
2,4
3,6,2574082
3,2,2562304
3,3,2574082
3,255,2574080
4,4
5,6,4620545
5,2,2574595
5,3,4620544
5,255,4620547
1,256
2,4
3,6,2574082
3,2,2562304
3,3,4620545
3,255,4620546
4,4
5,6,4620545
5,2,2574595
5,3,2574336
5,255,2574336
1,256
2,4
3,6,2574082
3,2,2562563
3,3,2562306
3,255,2561793
4,4
5,6,4620545
5,2,2574083
5,3,2574593
5,255,2562817
1,256
2,4
3,6,2574082
3,2,2562563
3,3,2562306
3,255,2562305
4,4
5,6,4620545
5,2,2574083
5,3,2574593
5,255,2574081
1,256
2,4
3,6,2574082
3,2,2562563
3,3,2562306
3,255,2574592
4,4
5,6,4620545
5,2,2574083
5,3,2574593
5,255,4620547
1,256
2,4
3,6,2574082
3,2,2562563
3,3,2574082
3,255,2561793
4,4
5,6,4620545
5,2,2574083
5,3,4620544
5,255,2562817
1,256
2,4
3,6,2574082
3,2,2562563
3,3,2574082
3,255,2562305
4,4
5,6,4620545
5,2,2574083
5,3,4620544
5,255,2574081
1,256
2,4
3,6,2574082
3,2,2562563
3,3,2574082
3,255,2574592
4,4
5,6,4620545
5,2,2574083
5,3,4620544
5,255,4620547
1,256
2,4
3,6,2574082
3,2,2562816
3,3,2562306
3,255,2562305
4,4
5,6,4620545
5,2,4620546
5,3,2574593
5,255,2574081
1,256
2,4
3,6,2574082
3,2,2562816
3,3,2574082
3,255,2562305
4,4
5,6,4620545
5,2,4620546
5,3,4620544
5,255,2574081
1,256
2,4
3,6,2574082
3,2,2574080
3,3,2562306
3,255,2562560
4,4
5,6,4620545
5,2,4620546
5,3,2574593
5,255,2562817
1,256
2,4
3,6,2574082
3,2,2574080
3,3,2562306
3,255,2574080
4,4
5,6,4620545
5,2,4620546
5,3,2574593
5,255,4620547
1,256
2,4
3,6,2574082
3,2,2574080
3,3,2574082
3,255,2562560
4,4
5,6,4620545
5,2,4620546
5,3,4620544
5,255,2562817
1,256
2,4
3,6,2574082
3,2,2574080
3,3,2574082
3,255,2574080
4,4
5,6,4620545
5,2,4620546
5,3,4620544
5,255,4620547
1,256
2,4
3,6,2574082
3,2,2574080
3,3,4620545
3,255,4620546
4,4
5,6,4620545
5,2,4620546
5,3,2574336
5,255,2574336
1,256
2,4
3,6,2574083
3,2,2562307
3,3,2574336
3,255,2573826
4,4
5,6,2574595
5,2,2562562
5,3,2574336
5,255,2574594
1,256
2,4
3,6,2574083
3,2,2562307
3,3,4620547
3,255,2573826
4,4
5,6,2574595
5,2,2562562
5,3,4620547
5,255,2574594
1,256
2,4
3,6,2574336
3,2,2573826
3,3,2574081
3,255,2562561
4,4
5,6,2574336
5,2,2562818
5,3,2562817
5,255,2562306
1,256
2,4
3,6,2574336
3,2,2574082
3,3,2573825
3,255,2562306
4,4
5,6,2574336
5,2,2574594
5,3,2574593
5,255,2562561
1,256
2,4
3,6,2574594
3,2,2561536
3,3,2562561
3,255,2561536
4,4
5,6,4620545
5,2,2562307
5,3,2574081
5,255,2562561
1,256
2,4
3,6,2574594
3,2,2561792
3,3,2562561
3,255,2562305
4,4
5,6,4620545
5,2,2574595
5,3,2574081
5,255,2574081
1,256
2,4
3,6,2574594
3,2,2562304
3,3,2562561
3,255,2562560
4,4
5,6,4620545
5,2,2574595
5,3,2574081
5,255,2562817
1,256
2,4
3,6,2574594
3,2,2562304
3,3,2562561
3,255,2574080
4,4
5,6,4620545
5,2,2574595
5,3,2574081
5,255,4620547
1,256
2,4
3,6,2574594
3,2,2562563
3,3,2562561
3,255,2561793
4,4
5,6,4620545
5,2,2574083
5,3,2574081
5,255,2562817
1,256
2,4
3,6,2574594
3,2,2562563
3,3,2562561
3,255,2562305
4,4
5,6,4620545
5,2,2574083
5,3,2574081
5,255,2574081
1,256
2,4
3,6,2574594
3,2,2562563
3,3,2562561
3,255,2574592
4,4
5,6,4620545
5,2,2574083
5,3,2574081
5,255,4620547
1,256
2,4
3,6,2574594
3,2,2562816
3,3,2562561
3,255,2562305
4,4
5,6,4620545
5,2,4620546
5,3,2574081
5,255,2574081
1,256
2,4
3,6,2574594
3,2,2574080
3,3,2562561
3,255,2562560
4,4
5,6,4620545
5,2,4620546
5,3,2574081
5,255,2562817
1,256
2,4
3,6,2574594
3,2,2574080
3,3,2562561
3,255,2574080
4,4
5,6,4620545
5,2,4620546
5,3,2574081
5,255,4620547
1,256
2,4
3,6,2574595
3,2,2562562
3,3,2562817
3,255,2562306
4,4
5,6,2574083
5,2,2562307
5,3,2574081
5,255,2562561
1,256
2,4
3,6,2574595
3,2,2562562
3,3,2573825
3,255,2562306
4,4
5,6,2574083
5,2,2562307
5,3,2574593
5,255,2562561
1,256
2,4
3,6,4620544
3,2,2562561
3,3,2562306
3,255,2561536
4,4
5,6,2574336
5,2,2562818
5,3,2573825
5,255,2562306
1,256
2,4
3,6,4620544
3,2,2562561
3,3,2562306
3,255,2561536
4,4
5,6,2574336
5,2,2573826
5,3,2574593
5,255,2562561
1,256
2,4
3,6,4620544
3,2,2562561
3,3,2574082
3,255,2561536
4,4
5,6,2574336
5,2,2573826
5,3,4620544
5,255,2562561
1,256
2,4
3,6,4620544
3,2,2562561
3,3,4620545
3,255,2562307
4,4
5,6,2574336
5,2,2562818
5,3,2574336
5,255,2574594
1,256
2,4
3,6,4620544
3,2,2562561
3,3,4620545
3,255,2574083
4,4
5,6,2574336
5,2,2562818
5,3,2574336
5,255,4620545
1,256
2,4
3,6,4620544
3,2,2574081
3,3,2562306
3,255,2561536
4,4
5,6,2574336
5,2,4620544
5,3,2573825
5,255,2562306
1,256
2,4
3,6,4620544
3,2,2574081
3,3,4620545
3,255,2562307
4,4
5,6,2574336
5,2,4620544
5,3,2574336
5,255,2574594
1,256
2,4
3,6,4620544
3,2,2574081
3,3,4620545
3,255,2574083
4,4
5,6,2574336
5,2,4620544
5,3,2574336
5,255,4620545
1,256
2,4
3,6,4620544
3,2,4620547
3,3,2562306
3,255,2562560
4,4
5,6,2574336
5,2,2574336
5,3,2574593
5,255,2562817
1,256
2,4
3,6,4620544
3,2,4620547
3,3,2562306
3,255,2574080
4,4
5,6,2574336
5,2,2574336
5,3,2574593
5,255,4620547
1,256
2,4
3,6,4620544
3,2,4620547
3,3,2574082
3,255,2562560
4,4
5,6,2574336
5,2,2574336
5,3,4620544
5,255,2562817
1,256
2,4
3,6,4620544
3,2,4620547
3,3,2574082
3,255,2574080
4,4
5,6,2574336
5,2,2574336
5,3,4620544
5,255,4620547
1,256
2,4
3,6,4620544
3,2,4620547
3,3,4620545
3,255,4620546
4,4
5,6,2574336
5,2,2574336
5,3,2574336
5,255,2574336
1,256
2,4
3,6,4620546
3,2,2573826
3,3,2574081
3,255,2562561
4,4
5,6,4620546
5,2,2562818
5,3,2562817
5,255,2562306
1,256
2,4
3,6,4620546
3,2,2574082
3,3,2573825
3,255,2562306
4,4
5,6,4620546
5,2,2574594
5,3,2574593
5,255,2562561
1,256
2,4
3,2,2561536
3,5,2561536
3,255,2561792
3,1,2562562
4,4
5,2,2562304
5,5,2562562
5,255,2562816
5,1,2574082
1,256
2,4
3,2,2561536
3,5,2561536
3,255,2562304
3,1,2561795
4,4
5,2,2562304
5,5,2562562
5,255,2574080
5,1,2574594
1,256
2,4
3,2,2561536
3,5,2561536
3,255,2562304
3,1,2562562
4,4
5,2,2562304
5,5,2562562
5,255,2574080
5,1,2574082
1,256
2,4
3,2,2561536
3,5,2561536
3,255,2562304
3,1,2562819
4,4
5,2,2562304
5,5,2562562
5,255,2574080
5,1,4620545
1,256
2,4
3,2,2561536
3,5,2561536
3,255,2562563
3,1,2562307
4,4
5,2,2562304
5,5,2562562
5,255,2562816
5,1,2574594
1,256
2,4
3,2,2561536
3,5,2561536
3,255,2562563
3,1,2574083
4,4
5,2,2562304
5,5,2562562
5,255,2562816
5,1,4620545
1,256
2,4
3,2,2561536
3,5,2561536
3,255,2574083
3,1,2562307
4,4
5,2,2562304
5,5,2562562
5,255,4620546
5,1,2574594
1,256
2,4
3,2,2561536
3,5,2561536
3,255,2574083
3,1,2574083
4,4
5,2,2562304
5,5,2562562
5,255,4620546
5,1,4620545
1,256
2,4
3,2,2561536
3,5,2561536
3,255,2574595
3,1,2562562
4,4
5,2,2562304
5,5,2562562
5,255,4620546
5,1,2574082
1,256
2,4
3,2,2561536
3,5,2561792
3,255,2561536
3,1,2562305
4,4
5,2,2562563
5,5,2574595
5,255,2562305
5,1,2574081
1,256
2,4
3,2,2561536
3,5,2562304
3,255,2561536
3,1,2562560
4,4
5,2,2562563
5,5,2574595
5,255,2562305
5,1,2562817
1,256
2,4
3,2,2561536
3,5,2562304
3,255,2561536
3,1,2574080
4,4
5,2,2562563
5,5,2574595
5,255,2562305
5,1,4620547
1,256
2,4
3,2,2561536
3,5,2562304
3,255,2562563
3,1,4620546
4,4
5,2,2562304
5,5,2573827
5,255,2562816
5,1,2574336
1,256
2,4
3,2,2561536
3,5,2562304
3,255,2562563
3,1,4620546
4,4
5,2,2562563
5,5,2574595
5,255,2573824
5,1,2574336
1,256
2,4
3,2,2561536
3,5,2562304
3,255,2574083
3,1,4620546
4,4
5,2,2562304
5,5,2573827
5,255,4620546
5,1,2574336
1,256
2,4
3,2,2561536
3,5,2562563
3,255,2561536
3,1,2561793
4,4
5,2,2562563
5,5,2574083
5,255,2562305
5,1,2562817
1,256
2,4
3,2,2561536
3,5,2562563
3,255,2561536
3,1,2562305
4,4
5,2,2562563
5,5,2574083
5,255,2562305
5,1,2574081
1,256
2,4
3,2,2561536
3,5,2562563
3,255,2561536
3,1,2574592
4,4
5,2,2562563
5,5,2574083
5,255,2562305
5,1,4620547
1,256
2,4
3,2,2561536
3,5,2562816
3,255,2561536
3,1,2562305
4,4
5,2,2562563
5,5,4620546
5,255,2562305
5,1,2574081
1,256
2,4
3,2,2561536
3,5,2574080
3,255,2561536
3,1,2562560
4,4
5,2,2562563
5,5,4620546
5,255,2562305
5,1,2562817
1,256
2,4
3,2,2561536
3,5,2574080
3,255,2561536
3,1,2574080
4,4
5,2,2562563
5,5,4620546
5,255,2562305
5,1,4620547
1,256
2,4
3,2,2561536
3,5,2574080
3,255,2562563
3,1,4620546
4,4
5,2,2562563
5,5,4620546
5,255,2573824
5,1,2574336
1,256
2,4
3,2,2561793
3,5,2562306
3,255,2561536
3,1,2561536
4,4
5,2,2574592
5,5,2574082
5,255,2562560
5,1,2562306
1,256
2,4
3,2,2561793
3,5,2562306
3,255,2561792
3,1,2562562
4,4
5,2,2574592
5,5,2574082
5,255,2562816
5,1,2574082
1,256
2,4
3,2,2561793
3,5,2562306
3,255,2562304
3,1,2561795
4,4
5,2,2574592
5,5,2574082
5,255,2574080
5,1,2574594
1,256
2,4
3,2,2561793
3,5,2562306
3,255,2562304
3,1,2562562
4,4
5,2,2574592
5,5,2574082
5,255,2574080
5,1,2574082
1,256
2,4
3,2,2561793
3,5,2562306
3,255,2562304
3,1,2562819
4,4
5,2,2574592
5,5,2574082
5,255,2574080
5,1,4620545
1,256
2,4
3,2,2561793
3,5,2562306
3,255,2562563
3,1,2562307
4,4
5,2,2574592
5,5,2574082
5,255,2562816
5,1,2574594
1,256
2,4
3,2,2561793
3,5,2562306
3,255,2562563
3,1,2574083
4,4
5,2,2574592
5,5,2574082
5,255,2562816
5,1,4620545
1,256
2,4
3,2,2561793
3,5,2562306
3,255,2574083
3,1,2562307
4,4
5,2,2574592
5,5,2574082
5,255,4620546
5,1,2574594
1,256
2,4
3,2,2561793
3,5,2562306
3,255,2574083
3,1,2574083
4,4
5,2,2574592
5,5,2574082
5,255,4620546
5,1,4620545
1,256
2,4
3,2,2561793
3,5,2562306
3,255,2574595
3,1,2562562
4,4
5,2,2574592
5,5,2574082
5,255,4620546
5,1,2574082
1,256
2,4
3,2,2561795
3,5,2561536
3,255,2562561
3,1,2561536
4,4
5,2,2562819
5,5,2562307
5,255,2574081
5,1,2562561
1,256
2,4
3,2,2561795
3,5,2561792
3,255,2562561
3,1,2562305
4,4
5,2,2562819
5,5,2574595
5,255,2574081
5,1,2574081
1,256
2,4
3,2,2561795
3,5,2562304
3,255,2562561
3,1,2562560
4,4
5,2,2562819
5,5,2574595
5,255,2574081
5,1,2562817
1,256
2,4
3,2,2561795
3,5,2562304
3,255,2562561
3,1,2574080
4,4
5,2,2562819
5,5,2574595
5,255,2574081
5,1,4620547
1,256
2,4
3,2,2561795
3,5,2562563
3,255,2562561
3,1,2561793
4,4
5,2,2562819
5,5,2574083
5,255,2574081
5,1,2562817
