0,342
1,8
2,0
4,1
5,255,4611072
1,4
2,0
4,1
5,255,4612098
1,1
2,0
4,1
5,255,4612096
1,2
2,0
4,1
5,255,4611074
1,72
2,2
3,6,2980352
3,3,2980354
4,1
5,255,4611328
1,72
2,2
3,3,2980354
3,6,2980352
4,1
5,255,4611328
1,68
2,2
3,6,2980354
3,2,2980352
4,1
5,255,4612352
1,68
2,2
3,2,2980352
3,6,2980354
4,1
5,255,4612352
1,65
2,0
4,1
5,255,4612096
1,66
2,0
4,1
5,255,4611074
1,136
2,2
3,3,2980096
3,7,2980098
4,1
5,255,4610048
1,136
2,2
3,7,2980098
3,3,2980096
4,1
5,255,4610048
1,12
2,0
4,1
5,255,2971394
1,9
2,0
4,1
5,255,2971136
1,40
2,0
4,1
5,255,4611072
1,10
2,0
4,1
5,255,85504
1,24
2,0
4,1
5,255,4611072
1,132
2,0
4,1
5,255,4612098
1,129
2,2
3,7,2980096
3,0,2980098
4,1
5,255,4609792
1,129
2,2
3,0,2980098
3,7,2980096
4,1
5,255,4609792
1,130
2,0
4,1
5,255,4611074
1,5
2,0
4,1
5,255,85760
1,36
2,2
3,2,2980096
3,5,2980098
4,1
5,255,4609794
1,36
2,2
3,5,2980098
3,2,2980096
4,1
5,255,4609794
1,6
2,0
4,1
5,255,2971138
1,20
2,0
4,1
5,255,4612098
1,33
2,0
4,1
5,255,4612096
1,3
2,0
4,1
5,255,2971392
1,17
2,2
3,0,2980354
3,4,2980352
4,1
5,255,4612354
1,17
2,2
3,4,2980352
3,0,2980354
4,1
5,255,4612354
1,34
2,2
3,5,2980096
3,1,2980098
4,1
5,255,4610050
1,34
2,2
3,1,2980098
3,5,2980096
4,1
5,255,4610050
1,18
2,2
3,1,2980352
3,4,2980354
4,1
5,255,4611330
1,18
2,2
3,4,2980354
3,1,2980352
4,1
5,255,4611330
1,200
2,2
3,6,2980352
3,3,2980354
4,1
5,255,4611328
1,200
2,2
3,3,2980096
3,7,2980098
4,1
5,255,4610048
1,200
2,2
3,3,2980354
3,6,2980352
4,1
5,255,4611328
1,200
2,2
3,7,2980098
3,3,2980096
4,1
5,255,4610048
1,73
2,2
3,6,2980352
3,3,2980354
4,1
5,255,2980352
1,73
2,2
3,3,2980354
3,6,2980352
4,1
5,255,2980352
1,104
2,2
3,6,2980352
3,3,2980354
4,1
5,255,4611328
1,104
2,2
3,3,2980354
3,6,2980352
4,1
5,255,4611328
1,74
2,0
4,1
5,255,85504
1,88
2,2
3,6,2980352
3,3,2980354
4,1
5,255,4611328
1,88
2,2
3,3,2980354
3,6,2980352
4,1
5,255,4611328
1,196
2,2
3,6,2980354
3,2,2980352
4,1
5,255,4612352
1,196
2,2
3,2,2980352
3,6,2980354
4,1
5,255,4612352
1,193
2,2
3,7,2980096
3,0,2980098
4,1
5,255,4609792
1,193
2,2
3,0,2980098
3,7,2980096
4,1
5,255,4609792
1,194
2,0
4,1
5,255,4611074
1,69
2,0
4,1
5,255,85760
1,100
2,2
3,6,2980354
3,2,2980352
4,1
5,255,4612352
1,100
2,2
3,2,2980096
3,5,2980098
4,1
5,255,4609794
1,100
2,2
3,2,2980352
3,6,2980354
4,1
5,255,4612352
1,100
2,2
3,5,2980098
3,2,2980096
4,1
5,255,4609794
1,70
2,2
3,6,2980354
3,2,2980352
4,1
5,255,2980354
1,70
2,2
3,2,2980352
3,6,2980354
4,1
5,255,2980354
1,84
2,2
3,6,2980354
3,2,2980352
4,1
5,255,4612352
1,84
2,2
3,2,2980352
3,6,2980354
4,1
5,255,4612352
1,97
2,0
4,1
5,255,4612096
1,67
2,0
4,1
5,255,2971392
1,81
2,2
3,0,2980354
3,4,2980352
4,1
5,255,4612354
1,81
2,2
3,4,2980352
3,0,2980354
4,1
5,255,4612354
1,98
2,2
3,5,2980096
3,1,2980098
4,1
5,255,4610050
1,98
2,2
3,1,2980098
3,5,2980096
4,1
5,255,4610050
1,82
2,2
3,1,2980352
3,4,2980354
4,1
5,255,4611330
1,82
2,2
3,4,2980354
3,1,2980352
4,1
5,255,4611330
1,140
2,2
3,3,2980096
3,7,2980098
4,1
5,255,2980098
1,140
2,2
3,7,2980098
3,3,2980096
4,1
5,255,2980098
1,168
2,2
3,3,2980096
3,7,2980098
4,1
5,255,4610048
1,168
2,2
3,7,2980098
3,3,2980096
4,1
5,255,4610048
1,138
2,0
4,1
5,255,85504
1,152
2,2
3,3,2980096
3,7,2980098
4,1
5,255,4610048
1,152
2,2
3,7,2980098
3,3,2980096
4,1
5,255,4610048
1,13
2,3
3,2,85760
3,0,85760
3,3,85504
4,1
5,255,88834
1,13
2,3
3,0,85760
3,2,85760
3,3,85504
4,1
5,255,88834
1,44
2,2
3,2,2980096
3,5,2980098
4,1
5,255,2980098
1,44
2,2
3,5,2980098
3,2,2980096
4,1
5,255,2980098
1,14
2,3
3,3,85504
3,1,85504
3,2,85760
4,1
5,255,88066
1,14
2,3
3,1,85504
3,3,85504
3,2,85760
4,1
5,255,88066
1,28
2,0
4,1
5,255,2971394
1,41
2,0
4,1
5,255,2971136
1,11
2,3
3,3,85504
3,1,85504
3,0,85760
4,1
5,255,88064
1,11
2,3
3,1,85504
3,3,85504
3,0,85760
4,1
5,255,88064
1,25
2,2
3,0,2980354
3,4,2980352
4,1
5,255,2980352
1,25
2,2
3,4,2980352
3,0,2980354
4,1
5,255,2980352
1,42
2,0
4,1
5,255,85504
1,56
2,0
4,1
5,255,4611072
1,26
2,0
4,1
5,255,85504
1,133
2,0
4,1
5,255,85760
1,164
2,2
3,2,2980096
3,5,2980098
4,1
5,255,4609794
1,164
2,2
3,5,2980098
3,2,2980096
4,1
5,255,4609794
1,134
2,0
4,1
5,255,2971138
1,148
2,0
4,1
5,255,4612098
1,161
2,2
3,7,2980096
3,0,2980098
4,1
5,255,4609792
1,161
2,2
3,0,2980098
3,7,2980096
4,1
5,255,4609792
1,131
2,2
3,7,2980096
3,0,2980098
4,1
5,255,2980096
1,131
2,2
3,0,2980098
3,7,2980096
4,1
5,255,2980096
1,145
2,2
3,7,2980096
3,0,2980098
4,1
5,255,4609792
1,145
2,2
3,0,2980098
3,7,2980096
4,1
5,255,4609792
1,145
2,2
3,0,2980354
3,4,2980352
4,1
5,255,4612354
1,145
2,2
3,4,2980352
3,0,2980354
4,1
5,255,4612354
1,162
2,2
3,5,2980096
3,1,2980098
4,1
5,255,4610050
1,162
2,2
3,1,2980098
3,5,2980096
4,1
5,255,4610050
1,146
2,2
3,1,2980352
3,4,2980354
4,1
5,255,4611330
1,146
2,2
3,4,2980354
3,1,2980352
4,1
5,255,4611330
1,37
2,0
4,1
5,255,85760
1,7
2,3
3,2,85760
3,0,85760
3,1,85504
4,1
5,255,88832
1,7
2,3
3,0,85760
3,2,85760
3,1,85504
4,1
5,255,88832
1,21
2,0
4,1
5,255,85760
1,52
2,2
3,2,2980096
3,5,2980098
4,1
5,255,4609794
1,52
2,2
3,5,2980098
3,2,2980096
4,1
5,255,4609794
1,22
2,2
3,1,2980352
3,4,2980354
4,1
5,255,2980354
1,22
2,2
3,4,2980354
3,1,2980352
4,1
5,255,2980354
1,35
2,2
3,5,2980096
3,1,2980098
4,1
5,255,2980096
1,35
2,2
3,1,2980098
3,5,2980096
4,1
5,255,2980096
1,49
2,2
3,0,2980354
3,4,2980352
4,1
5,255,4612354
1,49
2,2
3,4,2980352
3,0,2980354
4,1
5,255,4612354
1,50
2,2
3,5,2980096
3,1,2980098
4,1
5,255,4610050
1,50
2,2
3,1,2980098
3,5,2980096
4,1
5,255,4610050
1,50
2,2
3,1,2980352
3,4,2980354
4,1
5,255,4611330
1,50
2,2
3,4,2980354
3,1,2980352
4,1
5,255,4611330
1,232
2,2
3,6,2980352
3,3,2980354
4,1
5,255,4611328
1,232
2,2
3,3,2980096
3,7,2980098
4,1
5,255,4610048
1,232
2,2
3,3,2980354
3,6,2980352
4,1
5,255,4611328
1,232
2,2
3,7,2980098
3,3,2980096
4,1
5,255,4610048
1,202
2,0
4,1
5,255,85504
1,216
2,2
3,6,2980352
3,3,2980354
4,1
5,255,4611328
1,216
2,2
3,3,2980096
3,7,2980098
4,1
5,255,4610048
1,216
2,2
3,3,2980354
3,6,2980352
4,1
5,255,4611328
1,216
2,2
3,7,2980098
3,3,2980096
4,1
5,255,4610048
1,77
2,2
3,2,85760
3,6,2980352
4,1
5,255,4613888
1,77
2,2
3,0,85760
3,3,2980098
4,1
5,255,85760
1,78
2,2
3,3,85504
3,6,2980354
4,1
5,255,4613634
1,78
2,2
3,1,85504
3,2,2980098
4,1
5,255,85504
1,105
2,2
3,6,2980352
3,3,2980354
4,1
5,255,2980352
1,105
2,2
3,3,2980354
3,6,2980352
4,1
5,255,2980352
1,89
2,0
4,1
5,255,2980352
1,106
2,2
3,3,2980354
3,1,2980098
4,1
5,255,2980866
1,106
2,2
3,1,2980098
3,3,2980354
4,1
5,255,2980866
1,120
2,2
3,6,2980352
3,3,2980354
4,1
5,255,4611328
1,120
2,2
3,3,2980354
3,6,2980352
4,1
5,255,4611328
1,197
2,2
3,2,2980352
3,0,2980098
4,1
5,255,2980608
1,197
2,2
3,0,2980098
3,2,2980352
4,1
5,255,2980608
1,228
2,2
3,6,2980354
3,2,2980352
4,1
5,255,4612352
1,228
2,2
3,2,2980096
3,5,2980098
4,1
5,255,4609794
1,228
2,2
3,2,2980352
3,6,2980354
4,1
5,255,4612352
1,228
2,2
3,5,2980098
3,2,2980096
4,1
5,255,4609794
1,198
2,2
3,6,2980354
3,2,2980352
4,1
5,255,2980354
1,198
2,2
3,2,2980352
3,6,2980354
4,1
5,255,2980354
1,212
2,2
3,6,2980354
3,2,2980352
4,1
5,255,4612352
1,212
2,2
3,2,2980352
3,6,2980354
4,1
5,255,4612352
1,225
2,2
3,7,2980096
3,0,2980098
4,1
5,255,4609792
1,225
2,2
3,0,2980098
3,7,2980096
4,1
5,255,4609792
1,195
2,2
3,7,2980096
3,0,2980098
4,1
5,255,2980096
1,195
2,2
3,0,2980098
3,7,2980096
4,1
5,255,2980096
1,209
2,2
3,7,2980096
3,0,2980098
4,1
5,255,4609792
1,209
2,2
3,0,2980098
3,7,2980096
4,1
5,255,4609792
1,209
2,2
3,0,2980354
3,4,2980352
4,1
5,255,4612354
1,209
2,2
3,4,2980352
3,0,2980354
4,1
5,255,4612354
1,226
2,2
3,5,2980096
3,1,2980098
4,1
5,255,4610050
1,226
2,2
3,1,2980098
3,5,2980096
4,1
5,255,4610050
1,210
2,2
3,1,2980352
3,4,2980354
4,1
5,255,4611330
1,210
2,2
3,4,2980354
3,1,2980352
4,1
5,255,4611330
1,101
2,0
4,1
5,255,85760
1,116
2,2
3,6,2980354
3,2,2980352
4,1
5,255,4612352
1,116
2,2
3,2,2980096
3,5,2980098
4,1
5,255,4609794
1,116
2,2
3,2,2980352
3,6,2980354
4,1
5,255,4612352
1,116
2,2
3,5,2980098
3,2,2980096
4,1
5,255,4609794
1,86
2,0
4,1
5,255,2980354
1,99
2,2
3,5,2980096
3,1,2980098
4,1
5,255,2980096
1,99
2,2
3,1,2980098
3,5,2980096
4,1
5,255,2980096
1,113
2,2
3,0,2980354
3,4,2980352
4,1
5,255,4612354
1,113
2,2
3,4,2980352
3,0,2980354
4,1
5,255,4612354
1,114
2,2
3,5,2980096
3,1,2980098
4,1
5,255,4610050
1,114
2,2
3,1,2980098
3,5,2980096
4,1
5,255,4610050
1,114
2,2
3,1,2980352
3,4,2980354
4,1
5,255,4611330
1,114
2,2
3,4,2980354
3,1,2980352
4,1
5,255,4611330
1,141
2,2
3,2,85760
3,3,2980352
4,1
5,255,85760
1,141
2,2
3,0,85760
3,7,2980098
4,1
5,255,2983680
1,172
2,0
4,1
5,255,2980098
1,156
2,2
3,3,2980096
3,7,2980098
4,1
5,255,2980098
1,156
2,2
3,7,2980098
3,3,2980096
4,1
5,255,2980098
1,139
2,2
3,3,85504
3,7,2980096
4,1
5,255,2983938
1,139
2,2
3,1,85504
3,0,2980352
4,1
5,255,85504
1,184
2,2
3,3,2980096
3,7,2980098
4,1
5,255,4610048
1,184
2,2
3,7,2980098
3,3,2980096
4,1
5,255,4610048
1,154
2,2
3,3,2980096
3,1,2980352
4,1
5,255,2980864
1,154
2,2
3,1,2980352
3,3,2980096
4,1
5,255,2980864
1,15
2,4
3,3,85504
3,2,85760
3,0,85760
3,1,85504
4,1
5,255,89088
1,15
2,4
3,3,85504
3,0,85760
3,2,85760
3,1,85504
4,1
5,255,89088
1,15
2,4
3,2,85760
3,3,85504
3,1,85504
3,0,85760
4,1
5,255,89088
1,15
2,4
3,2,85760
3,1,85504
3,3,85504
3,0,85760
4,1
5,255,89088
1,15
2,4
3,0,85760
3,3,85504
3,1,85504
3,2,85760
4,1
5,255,89088
1,15
2,4
3,0,85760
3,1,85504
3,3,85504
3,2,85760
4,1
5,255,89088
1,15
2,4
3,1,85504
3,2,85760
3,0,85760
3,3,85504
4,1
5,255,89088
1,15
2,4
3,1,85504
3,0,85760
3,2,85760
3,3,85504
4,1
5,255,89088
1,46
2,2
3,3,85504
3,2,2980354
4,1
5,255,85504
1,46
2,2
3,1,85504
3,5,2980098
4,1
5,255,2983936
1,60
2,2
3,2,2980096
3,5,2980098
4,1
5,255,2980098
1,60
2,2
3,5,2980098
3,2,2980096
4,1
5,255,2980098
1,57
2,2
3,0,2980354
3,4,2980352
4,1
5,255,2980352
1,57
2,2
3,4,2980352
3,0,2980354
4,1
5,255,2980352
1,27
2,2
3,3,85504
3,0,2980096
4,1
5,255,85504
1,27
2,2
3,1,85504
3,4,2980352
4,1
5,255,4613632
1,58
2,0
4,1
5,255,85504
1,149
2,0
4,1
5,255,85760
1,180
2,2
3,2,2980096
3,5,2980098
4,1
5,255,4609794
1,180
2,2
3,5,2980098
3,2,2980096
4,1
5,255,4609794
1,150
2,2
3,1,2980352
3,4,2980354
4,1
5,255,2980354
1,150
2,2
3,4,2980354
3,1,2980352
4,1
5,255,2980354
1,163
2,0
4,1
5,255,2980096
1,177
2,2
3,7,2980096
3,0,2980098
4,1
5,255,4609792
1,177
2,2
3,0,2980098
3,7,2980096
4,1
5,255,4609792
1,177
2,2
3,0,2980354
3,4,2980352
4,1
5,255,4612354
1,177
2,2
3,4,2980352
3,0,2980354
4,1
5,255,4612354
1,178
2,2
3,5,2980096
3,1,2980098
4,1
5,255,4610050
1,178
2,2
3,1,2980098
3,5,2980096
4,1
5,255,4610050
1,178
2,2
3,1,2980352
3,4,2980354
4,1
5,255,4611330
1,178
2,2
3,4,2980354
3,1,2980352
4,1
5,255,4611330
1,39
2,2
3,2,85760
3,5,2980096
4,1
5,255,2983682
1,39
2,2
3,0,85760
3,1,2980354
4,1
5,255,85760
1,53
2,2
3,2,2980096
3,0,2980354
4,1
5,255,2980610
1,53
2,2
3,0,2980354
3,2,2980096
4,1
5,255,2980610
1,23
2,2
3,2,85760
3,1,2980096
4,1
5,255,85760
1,23
2,2
3,0,85760
3,4,2980354
4,1
5,255,4613890
1,236
2,2
3,3,2979584
3,2,2980096
4,1
5,255,2980098
1,236
2,2
3,3,2983682
3,2,2980096
4,1
5,255,2980098
1,236
2,2
3,2,2979842
3,3,2980096
4,1
5,255,2980098
1,236
2,2
3,2,2983938
3,3,2980096
4,1
5,255,2980098
1,206
2,2
3,1,85504
3,2,2980098
4,1
5,255,85504
1,203
2,2
3,1,85504
3,0,2980352
4,1
5,255,85504
1,217
2,2
3,3,2979584
3,0,2980354
4,1
5,255,2980352
1,217
2,2
3,3,4613890
3,0,2980354
4,1
5,255,2980352
1,217
2,2
3,0,2979840
3,3,2980354
4,1
5,255,2980352
1,217
2,2
3,0,4613634
3,3,2980354
4,1
5,255,2980352
1,248
2,2
3,6,2980352
3,3,2980354
4,1
5,255,4611328
1,248
2,2
3,3,2980096
3,7,2980098
4,1
5,255,4610048
1,248
2,2
3,3,2980354
3,6,2980352
4,1
5,255,4611328
1,248
2,2
3,7,2980098
3,3,2980096
4,1
5,255,4610048
1,109
2,2
3,0,85760
3,3,2980098
4,1
5,255,85760
1,93
2,2
3,6,2979842
3,0,2980354
4,1
5,255,2980352
1,93
2,2
3,3,2979840
3,2,2980098
4,1
5,255,2980352
1,93
2,2
3,2,85760
3,6,2980352
4,1
5,255,4613888
1,94
2,2
3,6,2979584
3,1,2980352
4,1
5,255,2980354
1,94
2,2
3,3,85504
3,6,2980354
4,1
5,255,4613634
1,94
2,2
3,2,2979586
3,3,2980098
4,1
5,255,2980354
1,121
2,0
4,1
5,255,2980352
1,91
2,2
3,0,2979584
3,1,2980096
4,1
5,255,2980352
1,91
2,2
3,1,85504
3,4,2980352
4,1
5,255,4613632
1,91
2,2
3,4,2979586
3,3,2980354
4,1
5,255,2980352
1,244
2,2
3,6,2980354
3,2,2980352
4,1
5,255,4612352
1,244
2,2
3,2,2980096
3,5,2980098
4,1
5,255,4609794
1,244
2,2
3,2,2980352
3,6,2980354
4,1
5,255,4612352
1,244
2,2
3,5,2980098
3,2,2980096
4,1
5,255,4609794
1,214
2,0
4,1
5,255,2980354
1,227
2,0
4,1
5,255,2980096
1,241
2,2
3,7,2980096
3,0,2980098
4,1
5,255,4609792
1,241
2,2
3,0,2980098
3,7,2980096
4,1
5,255,4609792
1,241
2,2
3,0,2980354
3,4,2980352
4,1
5,255,4612354
1,241
2,2
3,4,2980352
3,0,2980354
4,1
5,255,4612354
1,242
2,2
3,5,2980096
3,1,2980098
4,1
5,255,4610050
1,242
2,2
3,1,2980098
3,5,2980096
4,1
5,255,4610050
1,242
2,2
3,1,2980352
3,4,2980354
4,1
5,255,4611330
1,242
2,2
3,4,2980354
3,1,2980352
4,1
5,255,4611330
1,103
2,2
3,0,85760
3,1,2980354
4,1
5,255,85760
1,87
2,2
3,0,85760
3,4,2980354
4,1
5,255,4613890
1,87
2,2
3,1,2979842
3,0,2980096
4,1
5,255,2980354
1,87
2,2
3,4,2979840
3,2,2980352
4,1
5,255,2980354
1,118
2,2
3,2,2979842
3,1,2980352
4,1
5,255,2980354
1,118
2,2
3,2,4613632
3,1,2980352
4,1
5,255,2980354
1,118
2,2
3,1,2979586
3,2,2980352
4,1
5,255,2980354
1,118
2,2
3,1,4613888
3,2,2980352
4,1
5,255,2980354
1,173
2,2
3,3,2979842
3,0,2980352
4,1
5,255,2980098
1,173
2,2
3,7,2979840
3,2,2980096
4,1
5,255,2980098
1,173
2,2
3,0,85760
3,7,2980098
4,1
5,255,2983680
1,157
2,2
3,2,85760
3,3,2980352
4,1
5,255,85760
1,174
2,2
3,2,2979584
3,1,2980354
4,1
5,255,2980098
1,174
2,2
3,5,2979586
3,3,2980096
4,1
5,255,2980098
1,174
2,2
3,1,85504
3,5,2980098
4,1
5,255,2983936
1,188
2,0
4,1
5,255,2980098
1,171
2,2
3,3,85504
3,7,2980096
4,1
5,255,2983938
1,171
2,2
3,7,2979584
3,1,2980098
4,1
5,255,2980096
1,171
2,2
3,0,2979586
3,3,2980352
4,1
5,255,2980096
1,62
2,2
3,3,85504
3,2,2980354
4,1
5,255,85504
1,59
2,2
3,3,85504
3,0,2980096
4,1
5,255,85504
1,167
2,2
3,2,85760
3,5,2980096
4,1
5,255,2983682
1,167
2,2
3,5,2979842
3,0,2980098
4,1
5,255,2980096
1,167
2,2
3,1,2979840
3,2,2980354
4,1
5,255,2980096
1,151
2,2
3,2,85760
3,1,2980096
4,1
5,255,85760
1,179
2,2
3,0,2979840
3,1,2980098
4,1
5,255,2980096
1,179
2,2
3,0,2983936
3,1,2980098
4,1
5,255,2980096
1,179
2,2
3,1,2979586
3,0,2980098
4,1
5,255,2980096
1,179
2,2
3,1,2983680
3,0,2980098
4,1
5,255,2980096
1,252
2,2
3,3,2979584
3,2,2980096
4,1
5,255,2980098
1,252
2,2
3,2,2979842
3,3,2980096
4,1
5,255,2980098
1,222
2,2
3,6,2979584
3,1,2980352
4,1
5,255,2980354
1,222
2,2
3,7,85760
3,1,2980352
4,1
5,255,2980354
1,222
2,2
3,7,2980098
3,4,2980354
4,1
5,255,2979840
1,222
2,2
3,2,2979586
3,3,2980098
4,1
5,255,2980354
1,235
2,2
3,6,85760
3,1,2980098
4,1
5,255,2980096
1,235
2,2
3,6,2980352
3,5,2980096
4,1
5,255,2979842
1,235
2,2
3,7,2979584
3,1,2980098
4,1
5,255,2980096
1,235
2,2
3,0,2979586
3,3,2980352
4,1
5,255,2980096
1,249
2,2
3,3,2979584
3,0,2980354
4,1
5,255,2980352
1,249
2,2
3,0,2979840
3,3,2980354
4,1
5,255,2980352
1,125
2,2
3,6,2979842
3,0,2980354
4,1
5,255,2980352
1,125
2,2
3,3,2979840
3,2,2980098
4,1
5,255,2980352
1,125
2,2
3,5,85504
3,0,2980354
4,1
5,255,2980352
1,125
2,2
3,5,2980098
3,4,2980352
4,1
5,255,2979586
1,123
2,2
3,0,2979584
3,1,2980096
4,1
5,255,2980352
1,123
2,2
3,5,85760
3,3,2980354
4,1
5,255,2980352
1,123
2,2
3,5,2980096
3,6,2980352
4,1
5,255,2979842
1,123
2,2
3,4,2979586
3,3,2980354
4,1
5,255,2980352
1,231
2,2
3,6,85504
3,0,2980098
4,1
5,255,2980096
1,231
2,2
3,6,2980354
3,7,2980096
4,1
5,255,2979584
1,231
2,2
3,5,2979842
3,0,2980098
4,1
5,255,2980096
1,231
2,2
3,1,2979840
3,2,2980354
4,1
5,255,2980096
1,215
2,2
3,7,85504
3,2,2980352
4,1
5,255,2980354
1,215
2,2
3,7,2980096
3,6,2980354
4,1
5,255,2979584
1,215
2,2
3,1,2979842
3,0,2980096
4,1
5,255,2980354
1,215
2,2
3,4,2979840
3,2,2980352
4,1
5,255,2980354
1,246
2,2
3,2,2979842
3,1,2980352
4,1
5,255,2980354
1,246
2,2
3,1,2979586
3,2,2980352
4,1
5,255,2980354
1,243
2,2
3,0,2979840
3,1,2980098
4,1
5,255,2980096
1,243
2,2
3,1,2979586
3,0,2980098
4,1
5,255,2980096
1,189
2,2
3,3,2979842
3,0,2980352
4,1
5,255,2980098
1,189
2,2
3,7,2979840
3,2,2980096
4,1
5,255,2980098
1,189
2,2
3,4,85504
3,2,2980096
4,1
5,255,2980098
1,189
2,2
3,4,2980352
3,5,2980098
4,1
5,255,2979586
1,190
2,2
3,2,2979584
3,1,2980354
4,1
5,255,2980098
1,190
2,2
3,5,2979586
3,3,2980096
4,1
5,255,2980098
1,190
2,2
3,4,85760
3,3,2980096
4,1
5,255,2980098
1,190
2,2
3,4,2980354
3,7,2980098
4,1
5,255,2979840
1,253
2,2
3,5,2980098
3,4,2980352
4,1
5,255,2979586
1,253
2,2
3,4,2980352
3,5,2980098
4,1
5,255,2979586
1,254
2,2
3,7,2980098
3,4,2980354
4,1
5,255,2979840
1,254
2,2
3,4,2980354
3,7,2980098
4,1
5,255,2979840
1,251
2,2
3,6,2980352
3,5,2980096
4,1
5,255,2979842
1,251
2,2
3,5,2980096
3,6,2980352
4,1
5,255,2979842
1,247
2,2
3,6,2980354
3,7,2980096
4,1
5,255,2979584
1,247
2,2
3,7,2980096
3,6,2980354
4,1
5,255,2979584
