0,54
1,8
2,0
4,1
5,255,2569472
1,4
2,0
4,1
5,255,2569218
1,1
2,0
4,1
5,255,2569216
1,2
2,0
4,1
5,255,2569474
1,65
2,0
4,1
5,255,2569216
1,66
2,0
4,1
5,255,2569474
1,12
2,0
4,1
5,255,5890
1,9
2,0
4,1
5,255,5120
1,40
2,0
4,1
5,255,2569472
1,10
2,0
4,1
5,255,23553
1,24
2,0
4,1
5,255,2569472
1,132
2,0
4,1
5,255,2569218
1,130
2,0
4,1
5,255,2569474
1,5
2,0
4,1
5,255,23552
1,6
2,0
4,1
5,255,5122
1,20
2,0
4,1
5,255,2569218
1,33
2,0
4,1
5,255,2569216
1,3
2,0
4,1
5,255,5888
1,74
2,0
4,1
5,255,23553
1,194
2,0
4,1
5,255,2569474
1,69
2,0
4,1
5,255,23552
1,97
2,0
4,1
5,255,2569216
1,67
2,0
4,1
5,255,5888
1,138
2,0
4,1
5,255,23553
1,13
2,3
3,2,23552
3,0,23552
3,3,23553
4,1
5,255,6658
1,13
2,3
3,0,23552
3,2,23552
3,3,23553
4,1
5,255,6658
1,14
2,3
3,3,23553
3,1,23553
3,2,23552
4,1
5,255,6146
1,14
2,3
3,1,23553
3,3,23553
3,2,23552
4,1
5,255,6146
1,28
2,0
4,1
5,255,5890
1,41
2,0
4,1
5,255,5120
1,11
2,3
3,3,23553
3,1,23553
3,0,23552
4,1
5,255,6144
1,11
2,3
3,1,23553
3,3,23553
3,0,23552
4,1
5,255,6144
1,42
2,0
4,1
5,255,23553
1,56
2,0
4,1
5,255,2569472
1,26
2,0
4,1
5,255,23553
1,133
2,0
4,1
5,255,23552
1,134
2,0
4,1
5,255,5122
1,148
2,0
4,1
5,255,2569218
1,37
2,0
4,1
5,255,23552
1,7
2,3
3,2,23552
3,0,23552
3,1,23553
4,1
5,255,6656
1,7
2,3
3,0,23552
3,2,23552
3,1,23553
4,1
5,255,6656
1,21
2,0
4,1
5,255,23552
1,202
2,0
4,1
5,255,23553
1,101
2,0
4,1
5,255,23552
1,15
2,4
3,3,23553
3,2,23552
3,0,23552
3,1,23553
4,1
5,255,7168
1,15
2,4
3,3,23553
3,0,23552
3,2,23552
3,1,23553
4,1
5,255,7168
1,15
2,4
3,2,23552
3,3,23553
3,1,23553
3,0,23552
4,1
5,255,7168
1,15
2,4
3,2,23552
3,1,23553
3,3,23553
3,0,23552
4,1
5,255,7168
1,15
2,4
3,0,23552
3,3,23553
3,1,23553
3,2,23552
4,1
5,255,7168
1,15
2,4
3,0,23552
3,1,23553
3,3,23553
3,2,23552
4,1
5,255,7168
1,15
2,4
3,1,23553
3,2,23552
3,0,23552
3,3,23553
4,1
5,255,7168
1,15
2,4
3,1,23553
3,0,23552
3,2,23552
3,3,23553
4,1
5,255,7168
1,58
2,0
4,1
5,255,23553
1,149
2,0
4,1
5,255,23552
