0,62
1,256
2,2
3,2,0
3,255,17153
4,1
5,255,7425
1,256
2,2
3,2,0
3,255,18177
4,1
5,255,11265
1,256
2,2
3,2,0
3,255,23552
4,1
5,255,0
1,256
2,2
3,2,0
3,255,3849216
4,1
5,255,18688
1,256
2,2
3,2,0
3,255,3849218
4,1
5,255,18690
1,256
2,2
3,3,0
3,255,17152
4,1
5,255,7424
1,256
2,2
3,3,0
3,255,18176
4,1
5,255,11264
1,256
2,2
3,3,0
3,255,23553
4,1
5,255,0
1,256
2,2
3,3,0
3,255,3849472
4,1
5,255,3853056
1,256
2,2
3,3,0
3,255,3849474
4,1
5,255,3853058
1,256
2,2
3,255,17152
3,1,0
4,1
5,255,7424
1,256
2,2
3,255,17153
3,0,0
4,1
5,255,7425
1,256
2,2
3,255,18176
3,1,0
4,1
5,255,11264
1,256
2,2
3,255,18177
3,0,0
4,1
5,255,11265
1,256
2,2
3,255,23552
3,0,0
4,1
5,255,0
1,256
2,2
3,255,23553
3,1,0
4,1
5,255,0
1,256
2,2
3,255,3849216
3,0,0
4,1
5,255,18688
1,256
2,2
3,255,3849218
3,0,0
4,1
5,255,18690
1,256
2,2
3,255,3849472
3,1,0
4,1
5,255,3853056
1,256
2,2
3,255,3849474
3,1,0
4,1
5,255,3853058
1,256
2,5
3,16,3584
3,2,23552
3,255,23552
3,0,23552
3,8,23552
4,1
5,8,3584
1,256
2,5
3,16,5120
3,2,23552
3,255,23552
3,0,23552
3,8,23552
4,1
5,8,3584
1,256
2,5
3,16,5888
3,2,23552
3,255,23552
3,0,23552
3,8,23552
4,1
5,8,3584
1,256
2,5
3,16,6144
3,2,23552
3,255,23552
3,0,23552
3,8,23552
4,1
5,8,3584
1,256
2,5
3,16,6656
3,2,23552
3,255,23552
3,0,23552
3,8,23552
4,1
5,8,3584
1,256
2,5
3,16,6658
3,2,23552
3,255,23552
3,0,23552
3,8,23552
4,1
5,8,3584
1,256
2,5
3,16,7168
3,2,23552
3,255,23552
3,0,23552
3,8,23552
4,1
5,8,3584
1,256
2,5
3,16,23552
3,2,23552
3,255,23552
3,0,23552
3,8,3584
4,1
5,16,3584
1,256
2,5
3,16,23552
3,2,23552
3,255,23552
3,0,23552
3,8,5122
4,1
5,16,3584
1,256
2,5
3,16,23552
3,2,23552
3,255,23552
3,0,23552
3,8,5890
4,1
5,16,3584
1,256
2,5
3,16,23552
3,2,23552
3,255,23552
3,0,23552
3,8,6146
4,1
5,16,3584
1,256
2,5
3,16,23552
3,2,23552
3,255,23552
3,0,23552
3,8,6656
4,1
5,16,3584
1,256
2,5
3,16,23552
3,2,23552
3,255,23552
3,0,23552
3,8,6658
4,1
5,16,3584
1,256
2,5
3,16,23552
3,2,23552
3,255,23552
3,0,23552
3,8,7168
4,1
5,16,3584
1,256
2,5
3,16,23552
3,2,23552
3,255,23552
3,0,23552
3,8,23552
4,1
5,255,3584
1,256
2,5
3,16,23552
3,2,23552
3,255,23552
3,0,23552
3,8,2569218
4,1
5,16,3584
1,256
2,5
3,16,2569216
3,2,23552
3,255,23552
3,0,23552
3,8,23552
4,1
5,8,3584
1,256
2,5
3,6,23552
3,2,23552
3,3,1
3,255,1
3,4,23553
4,2
5,3,23552
5,255,23552
1,256
2,5
3,6,23553
3,2,1
3,3,23553
3,255,1
3,4,23552
4,2
5,2,23553
5,255,23553
1,256
2,5
3,6,23553
3,255,1
3,1,1
3,0,23552
3,4,23552
4,2
5,255,23552
5,1,23552
1,256
2,5
3,2,1
3,5,23553
3,255,1
3,1,23553
3,7,23552
4,2
5,2,23553
5,255,23553
1,256
2,5
3,2,23552
3,5,23552
3,255,1
3,1,1
3,7,23553
4,2
5,255,23552
5,1,23552
1,256
2,5
3,5,23552
3,3,23553
3,255,1
3,7,23553
3,0,1
4,2
5,255,23553
5,0,23553
1,256
2,5
3,5,23553
3,3,1
3,255,1
3,7,23552
3,0,23552
4,2
5,3,23552
5,255,23552
1,256
2,5
3,20,3840
3,3,23553
3,255,23553
3,1,23553
3,12,23553
4,1
5,12,3840
1,256
2,5
3,20,5122
3,3,23553
3,255,23553
3,1,23553
3,12,23553
4,1
5,12,3840
1,256
2,5
3,20,5888
3,3,23553
3,255,23553
3,1,23553
3,12,23553
4,1
5,12,3840
1,256
2,5
3,20,6144
3,3,23553
3,255,23553
3,1,23553
3,12,23553
4,1
5,12,3840
1,256
2,5
3,20,6146
3,3,23553
3,255,23553
3,1,23553
3,12,23553
4,1
5,12,3840
1,256
2,5
3,20,6656
3,3,23553
3,255,23553
3,1,23553
3,12,23553
4,1
5,12,3840
1,256
2,5
3,20,7168
3,3,23553
3,255,23553
3,1,23553
3,12,23553
4,1
5,12,3840
1,256
2,5
3,20,23553
3,3,23553
3,255,23553
3,1,23553
3,12,3840
4,1
5,20,3840
1,256
2,5
3,20,23553
3,3,23553
3,255,23553
3,1,23553
3,12,5120
4,1
5,20,3840
1,256
2,5
3,20,23553
3,3,23553
3,255,23553
3,1,23553
3,12,5890
4,1
5,20,3840
1,256
2,5
3,20,23553
3,3,23553
3,255,23553
3,1,23553
3,12,6144
4,1
5,20,3840
1,256
2,5
3,20,23553
3,3,23553
3,255,23553
3,1,23553
3,12,6146
4,1
5,20,3840
1,256
2,5
3,20,23553
3,3,23553
3,255,23553
3,1,23553
3,12,6658
4,1
5,20,3840
1,256
2,5
3,20,23553
3,3,23553
3,255,23553
3,1,23553
3,12,7168
4,1
5,20,3840
1,256
2,5
3,20,23553
3,3,23553
3,255,23553
3,1,23553
3,12,23553
4,1
5,255,3840
1,256
2,5
3,20,23553
3,3,23553
3,255,23553
3,1,23553
3,12,2569472
4,1
5,20,3840
1,256
2,5
3,20,2569474
3,3,23553
3,255,23553
3,1,23553
3,12,23553
4,1
5,12,3840
1,256
2,5
3,255,1
3,0,1
3,6,23552
3,1,23553
3,4,23553
4,2
5,255,23553
5,0,23553
