0,334
1,8
2,0
4,1
5,255,4608000
1,4
2,0
4,1
5,255,4608514
1,1
2,0
4,1
5,255,4608512
1,2
2,0
4,1
5,255,4608002
1,72
2,2
3,6,12800
3,3,12802
4,1
5,255,4608000
1,72
2,2
3,3,12802
3,6,12800
4,1
5,255,4608000
1,68
2,2
3,6,12802
3,2,12800
4,1
5,255,4608514
1,68
2,2
3,2,12800
3,6,12802
4,1
5,255,4608514
1,65
2,0
4,1
5,255,4608512
1,66
2,0
4,1
5,255,4608002
1,136
2,2
3,3,12801
3,7,12803
4,1
5,255,4608000
1,136
2,2
3,7,12803
3,3,12801
4,1
5,255,4608000
1,12
2,0
4,1
5,255,4105219
1,9
2,0
4,1
5,255,4105216
1,40
2,0
4,1
5,255,4608000
1,10
2,0
4,1
5,255,11265
1,24
2,0
4,1
5,255,4608000
1,132
2,0
4,1
5,255,4608514
1,129
2,2
3,7,12801
3,0,12803
4,1
5,255,4608512
1,129
2,2
3,0,12803
3,7,12801
4,1
5,255,4608512
1,130
2,0
4,1
5,255,4608002
1,5
2,0
4,1
5,255,11264
1,36
2,2
3,2,12801
3,5,12803
4,1
5,255,4608514
1,36
2,2
3,5,12803
3,2,12801
4,1
5,255,4608514
1,6
2,0
4,1
5,255,4105218
1,20
2,0
4,1
5,255,4608514
1,33
2,0
4,1
5,255,4608512
1,3
2,0
4,1
5,255,4105217
1,17
2,2
3,0,12802
3,4,12800
4,1
5,255,4608512
1,17
2,2
3,4,12800
3,0,12802
4,1
5,255,4608512
1,34
2,2
3,5,12801
3,1,12803
4,1
5,255,4608002
1,34
2,2
3,1,12803
3,5,12801
4,1
5,255,4608002
1,18
2,2
3,1,12800
3,4,12802
4,1
5,255,4608002
1,18
2,2
3,4,12802
3,1,12800
4,1
5,255,4608002
1,200
2,2
3,6,12800
3,3,12802
4,1
5,255,4608000
1,200
2,2
3,3,12801
3,7,12803
4,1
5,255,4608000
1,200
2,2
3,3,12802
3,6,12800
4,1
5,255,4608000
1,200
2,2
3,7,12803
3,3,12801
4,1
5,255,4608000
1,73
2,2
3,6,12800
3,3,12802
4,1
5,255,12800
1,73
2,2
3,3,12802
3,6,12800
4,1
5,255,12800
1,104
2,2
3,6,12800
3,3,12802
4,1
5,255,4608000
1,104
2,2
3,3,12802
3,6,12800
4,1
5,255,4608000
1,74
2,0
4,1
5,255,11265
1,88
2,2
3,6,12800
3,3,12802
4,1
5,255,4608000
1,88
2,2
3,3,12802
3,6,12800
4,1
5,255,4608000
1,196
2,2
3,6,12802
3,2,12800
4,1
5,255,4608514
1,196
2,2
3,2,12800
3,6,12802
4,1
5,255,4608514
1,193
2,2
3,7,12801
3,0,12803
4,1
5,255,4608512
1,193
2,2
3,0,12803
3,7,12801
4,1
5,255,4608512
1,194
2,0
4,1
5,255,4608002
1,69
2,0
4,1
5,255,11264
1,100
2,2
3,6,12802
3,2,12800
4,1
5,255,4608514
1,100
2,2
3,2,12800
3,6,12802
4,1
5,255,4608514
1,100
2,2
3,2,12801
3,5,12803
4,1
5,255,4608514
1,100
2,2
3,5,12803
3,2,12801
4,1
5,255,4608514
1,70
2,2
3,6,12802
3,2,12800
4,1
5,255,12802
1,70
2,2
3,2,12800
3,6,12802
4,1
5,255,12802
1,84
2,2
3,6,12802
3,2,12800
4,1
5,255,4608514
1,84
2,2
3,2,12800
3,6,12802
4,1
5,255,4608514
1,97
2,0
4,1
5,255,4608512
1,67
2,0
4,1
5,255,4105217
1,81
2,2
3,0,12802
3,4,12800
4,1
5,255,4608512
1,81
2,2
3,4,12800
3,0,12802
4,1
5,255,4608512
1,98
2,2
3,5,12801
3,1,12803
4,1
5,255,4608002
1,98
2,2
3,1,12803
3,5,12801
4,1
5,255,4608002
1,82
2,2
3,1,12800
3,4,12802
4,1
5,255,4608002
1,82
2,2
3,4,12802
3,1,12800
4,1
5,255,4608002
1,140
2,2
3,3,12801
3,7,12803
4,1
5,255,12803
1,140
2,2
3,7,12803
3,3,12801
4,1
5,255,12803
1,168
2,2
3,3,12801
3,7,12803
4,1
5,255,4608000
1,168
2,2
3,7,12803
3,3,12801
4,1
5,255,4608000
1,138
2,0
4,1
5,255,11265
1,152
2,2
3,3,12801
3,7,12803
4,1
5,255,4608000
1,152
2,2
3,7,12803
3,3,12801
4,1
5,255,4608000
1,13
2,3
3,2,11264
3,0,11264
3,3,11265
4,1
5,255,13827
1,13
2,3
3,0,11264
3,2,11264
3,3,11265
4,1
5,255,13827
1,44
2,2
3,2,12801
3,5,12803
4,1
5,255,12803
1,44
2,2
3,5,12803
3,2,12801
4,1
5,255,12803
1,14
2,3
3,3,11265
3,1,11265
3,2,11264
4,1
5,255,13826
1,14
2,3
3,1,11265
3,3,11265
3,2,11264
4,1
5,255,13826
1,28
2,0
4,1
5,255,4105219
1,41
2,0
4,1
5,255,4105216
1,11
2,3
3,3,11265
3,1,11265
3,0,11264
4,1
5,255,13824
1,11
2,3
3,1,11265
3,3,11265
3,0,11264
4,1
5,255,13824
1,25
2,2
3,0,12802
3,4,12800
4,1
5,255,12800
1,25
2,2
3,4,12800
3,0,12802
4,1
5,255,12800
1,42
2,0
4,1
5,255,11265
1,56
2,0
4,1
5,255,4608000
1,26
2,0
4,1
5,255,11265
1,133
2,0
4,1
5,255,11264
1,164
2,2
3,2,12801
3,5,12803
4,1
5,255,4608514
1,164
2,2
3,5,12803
3,2,12801
4,1
5,255,4608514
1,134
2,0
4,1
5,255,4105218
1,148
2,0
4,1
5,255,4608514
1,161
2,2
3,7,12801
3,0,12803
4,1
5,255,4608512
1,161
2,2
3,0,12803
3,7,12801
4,1
5,255,4608512
1,131
2,2
3,7,12801
3,0,12803
4,1
5,255,12801
1,131
2,2
3,0,12803
3,7,12801
4,1
5,255,12801
1,145
2,2
3,7,12801
3,0,12803
4,1
5,255,4608512
1,145
2,2
3,0,12802
3,4,12800
4,1
5,255,4608512
1,145
2,2
3,0,12803
3,7,12801
4,1
5,255,4608512
1,145
2,2
3,4,12800
3,0,12802
4,1
5,255,4608512
1,162
2,2
3,5,12801
3,1,12803
4,1
5,255,4608002
1,162
2,2
3,1,12803
3,5,12801
4,1
5,255,4608002
1,146
2,2
3,1,12800
3,4,12802
4,1
5,255,4608002
1,146
2,2
3,4,12802
3,1,12800
4,1
5,255,4608002
1,37
2,0
4,1
5,255,11264
1,7
2,3
3,2,11264
3,0,11264
3,1,11265
4,1
5,255,13825
1,7
2,3
3,0,11264
3,2,11264
3,1,11265
4,1
5,255,13825
1,21
2,0
4,1
5,255,11264
1,52
2,2
3,2,12801
3,5,12803
4,1
5,255,4608514
1,52
2,2
3,5,12803
3,2,12801
4,1
5,255,4608514
1,22
2,2
3,1,12800
3,4,12802
4,1
5,255,12802
1,22
2,2
3,4,12802
3,1,12800
4,1
5,255,12802
1,35
2,2
3,5,12801
3,1,12803
4,1
5,255,12801
1,35
2,2
3,1,12803
3,5,12801
4,1
5,255,12801
1,49
2,2
3,0,12802
3,4,12800
4,1
5,255,4608512
1,49
2,2
3,4,12800
3,0,12802
4,1
5,255,4608512
1,50
2,2
3,5,12801
3,1,12803
4,1
5,255,4608002
1,50
2,2
3,1,12800
3,4,12802
4,1
5,255,4608002
1,50
2,2
3,1,12803
3,5,12801
4,1
5,255,4608002
1,50
2,2
3,4,12802
3,1,12800
4,1
5,255,4608002
1,232
2,2
3,6,12800
3,3,12802
4,1
5,255,4608000
1,232
2,2
3,3,12801
3,7,12803
4,1
5,255,4608000
1,232
2,2
3,3,12802
3,6,12800
4,1
5,255,4608000
1,232
2,2
3,7,12803
3,3,12801
4,1
5,255,4608000
1,202
2,0
4,1
5,255,11265
1,216
2,2
3,6,12800
3,3,12802
4,1
5,255,4608000
1,216
2,2
3,3,12801
3,7,12803
4,1
5,255,4608000
1,216
2,2
3,3,12802
3,6,12800
4,1
5,255,4608000
1,216
2,2
3,7,12803
3,3,12801
4,1
5,255,4608000
1,77
2,2
3,2,11264
3,6,12800
4,1
5,255,2982657
1,77
2,2
3,0,11264
3,3,12803
4,1
5,255,11264
1,78
2,2
3,3,11265
3,6,12802
4,1
5,255,2982915
1,78
2,2
3,1,11265
3,2,12803
4,1
5,255,11265
1,105
2,2
3,6,12800
3,3,12802
4,1
5,255,12800
1,105
2,2
3,3,12802
3,6,12800
4,1
5,255,12800
1,89
2,0
4,1
5,255,12800
1,120
2,2
3,6,12800
3,3,12802
4,1
5,255,4608000
1,120
2,2
3,3,12802
3,6,12800
4,1
5,255,4608000
1,228
2,2
3,6,12802
3,2,12800
4,1
5,255,4608514
1,228
2,2
3,2,12800
3,6,12802
4,1
5,255,4608514
1,228
2,2
3,2,12801
3,5,12803
4,1
5,255,4608514
1,228
2,2
3,5,12803
3,2,12801
4,1
5,255,4608514
1,198
2,2
3,6,12802
3,2,12800
4,1
5,255,12802
1,198
2,2
3,2,12800
3,6,12802
4,1
5,255,12802
1,212
2,2
3,6,12802
3,2,12800
4,1
5,255,4608514
1,212
2,2
3,2,12800
3,6,12802
4,1
5,255,4608514
1,225
2,2
3,7,12801
3,0,12803
4,1
5,255,4608512
1,225
2,2
3,0,12803
3,7,12801
4,1
5,255,4608512
1,195
2,2
3,7,12801
3,0,12803
4,1
5,255,12801
1,195
2,2
3,0,12803
3,7,12801
4,1
5,255,12801
1,209
2,2
3,7,12801
3,0,12803
4,1
5,255,4608512
1,209
2,2
3,0,12802
3,4,12800
4,1
5,255,4608512
1,209
2,2
3,0,12803
3,7,12801
4,1
5,255,4608512
1,209
2,2
3,4,12800
3,0,12802
4,1
5,255,4608512
1,226
2,2
3,5,12801
3,1,12803
4,1
5,255,4608002
1,226
2,2
3,1,12803
3,5,12801
4,1
5,255,4608002
1,210
2,2
3,1,12800
3,4,12802
4,1
5,255,4608002
1,210
2,2
3,4,12802
3,1,12800
4,1
5,255,4608002
1,101
2,0
4,1
5,255,11264
1,116
2,2
3,6,12802
3,2,12800
4,1
5,255,4608514
1,116
2,2
3,2,12800
3,6,12802
4,1
5,255,4608514
1,116
2,2
3,2,12801
3,5,12803
4,1
5,255,4608514
1,116
2,2
3,5,12803
3,2,12801
4,1
5,255,4608514
1,86
2,0
4,1
5,255,12802
1,99
2,2
3,5,12801
3,1,12803
4,1
5,255,12801
1,99
2,2
3,1,12803
3,5,12801
4,1
5,255,12801
1,113
2,2
3,0,12802
3,4,12800
4,1
5,255,4608512
1,113
2,2
3,4,12800
3,0,12802
4,1
5,255,4608512
1,114
2,2
3,5,12801
3,1,12803
4,1
5,255,4608002
1,114
2,2
3,1,12800
3,4,12802
4,1
5,255,4608002
1,114
2,2
3,1,12803
3,5,12801
4,1
5,255,4608002
1,114
2,2
3,4,12802
3,1,12800
4,1
5,255,4608002
1,141
2,2
3,2,11264
3,3,12800
4,1
5,255,11264
1,141
2,2
3,0,11264
3,7,12803
4,1
5,255,2982912
1,172
2,0
4,1
5,255,12803
1,156
2,2
3,3,12801
3,7,12803
4,1
5,255,12803
1,156
2,2
3,7,12803
3,3,12801
4,1
5,255,12803
1,139
2,2
3,3,11265
3,7,12801
4,1
5,255,2982658
1,139
2,2
3,1,11265
3,0,12800
4,1
5,255,11265
1,184
2,2
3,3,12801
3,7,12803
4,1
5,255,4608000
1,184
2,2
3,7,12803
3,3,12801
4,1
5,255,4608000
1,15
2,4
3,3,11265
3,2,11264
3,0,11264
3,1,11265
4,1
5,255,14848
1,15
2,4
3,3,11265
3,0,11264
3,2,11264
3,1,11265
4,1
5,255,14848
1,15
2,4
3,2,11264
3,3,11265
3,1,11265
3,0,11264
4,1
5,255,14848
1,15
2,4
3,2,11264
3,1,11265
3,3,11265
3,0,11264
4,1
5,255,14848
1,15
2,4
3,0,11264
3,3,11265
3,1,11265
3,2,11264
4,1
5,255,14848
1,15
2,4
3,0,11264
3,1,11265
3,3,11265
3,2,11264
4,1
5,255,14848
1,15
2,4
3,1,11265
3,2,11264
3,0,11264
3,3,11265
4,1
5,255,14848
1,15
2,4
3,1,11265
3,0,11264
3,2,11264
3,3,11265
4,1
5,255,14848
1,46
2,2
3,3,11265
3,2,12802
4,1
5,255,11265
1,46
2,2
3,1,11265
3,5,12803
4,1
5,255,2982656
1,60
2,2
3,2,12801
3,5,12803
4,1
5,255,12803
1,60
2,2
3,5,12803
3,2,12801
4,1
5,255,12803
1,57
2,2
3,0,12802
3,4,12800
4,1
5,255,12800
1,57
2,2
3,4,12800
3,0,12802
4,1
5,255,12800
1,27
2,2
3,3,11265
3,0,12801
4,1
5,255,11265
1,27
2,2
3,1,11265
3,4,12800
4,1
5,255,2982913
1,58
2,0
4,1
5,255,11265
1,149
2,0
4,1
5,255,11264
1,180
2,2
3,2,12801
3,5,12803
4,1
5,255,4608514
1,180
2,2
3,5,12803
3,2,12801
4,1
5,255,4608514
1,150
2,2
3,1,12800
3,4,12802
4,1
5,255,12802
1,150
2,2
3,4,12802
3,1,12800
4,1
5,255,12802
1,163
2,0
4,1
5,255,12801
1,177
2,2
3,7,12801
3,0,12803
4,1
5,255,4608512
1,177
2,2
3,0,12802
3,4,12800
4,1
5,255,4608512
1,177
2,2
3,0,12803
3,7,12801
4,1
5,255,4608512
1,177
2,2
3,4,12800
3,0,12802
4,1
5,255,4608512
1,178
2,2
3,5,12801
3,1,12803
4,1
5,255,4608002
1,178
2,2
3,1,12800
3,4,12802
4,1
5,255,4608002
1,178
2,2
3,1,12803
3,5,12801
4,1
5,255,4608002
1,178
2,2
3,4,12802
3,1,12800
4,1
5,255,4608002
1,39
2,2
3,2,11264
3,5,12801
4,1
5,255,2982914
1,39
2,2
3,0,11264
3,1,12802
4,1
5,255,11264
1,23
2,2
3,2,11264
3,1,12801
4,1
5,255,11264
1,23
2,2
3,0,11264
3,4,12802
4,1
5,255,2982659
1,236
2,2
3,3,2982914
3,2,12801
4,1
5,255,12803
1,236
2,2
3,3,4106496
3,2,12801
4,1
5,255,13058
1,236
2,2
3,2,2982658
3,3,12801
4,1
5,255,12803
1,236
2,2
3,2,4106242
3,3,12801
4,1
5,255,13058
1,206
2,2
3,1,11265
3,2,12803
4,1
5,255,11265
1,203
2,2
3,1,11265
3,0,12800
4,1
5,255,11265
1,217
2,2
3,3,2982659
3,0,12802
4,1
5,255,12800
1,217
2,2
3,3,4106496
3,0,12802
4,1
5,255,13059
1,217
2,2
3,0,2982915
3,3,12802
4,1
5,255,12800
1,217
2,2
3,0,4106240
3,3,12802
4,1
5,255,13059
1,248
2,2
3,6,12800
3,3,12802
4,1
5,255,4608000
1,248
2,2
3,3,12801
3,7,12803
4,1
5,255,4608000
1,248
2,2
3,3,12802
3,6,12800
4,1
5,255,4608000
1,248
2,2
3,7,12803
3,3,12801
4,1
5,255,4608000
1,109
2,2
3,0,11264
3,3,12803
4,1
5,255,11264
1,93
2,2
3,6,4106242
3,0,12802
4,1
5,255,12800
1,93
2,2
3,3,4106240
3,2,12803
4,1
5,255,12800
1,93
2,2
3,2,11264
3,6,12800
4,1
5,255,2982657
1,94
2,2
3,6,4106496
3,1,12800
4,1
5,255,12802
1,94
2,2
3,3,11265
3,6,12802
4,1
5,255,2982915
1,94
2,2
3,2,4106498
3,3,12803
4,1
5,255,12802
1,121
2,0
4,1
5,255,12800
1,91
2,2
3,0,4106496
3,1,12801
4,1
5,255,12800
1,91
2,2
3,1,11265
3,4,12800
4,1
5,255,2982913
1,91
2,2
3,4,4106498
3,3,12802
4,1
5,255,12800
1,244
2,2
3,6,12802
3,2,12800
4,1
5,255,4608514
1,244
2,2
3,2,12800
3,6,12802
4,1
5,255,4608514
1,244
2,2
3,2,12801
3,5,12803
4,1
5,255,4608514
1,244
2,2
3,5,12803
3,2,12801
4,1
5,255,4608514
1,214
2,0
4,1
5,255,12802
1,227
2,0
4,1
5,255,12801
1,241
2,2
3,7,12801
3,0,12803
4,1
5,255,4608512
1,241
2,2
3,0,12802
3,4,12800
4,1
5,255,4608512
1,241
2,2
3,0,12803
3,7,12801
4,1
5,255,4608512
1,241
2,2
3,4,12800
3,0,12802
4,1
5,255,4608512
1,242
2,2
3,5,12801
3,1,12803
4,1
5,255,4608002
1,242
2,2
3,1,12800
3,4,12802
4,1
5,255,4608002
1,242
2,2
3,1,12803
3,5,12801
4,1
5,255,4608002
1,242
2,2
3,4,12802
3,1,12800
4,1
5,255,4608002
1,103
2,2
3,0,11264
3,1,12802
4,1
5,255,11264
1,87
2,2
3,0,11264
3,4,12802
4,1
5,255,2982659
1,87
2,2
3,1,4106242
3,0,12801
4,1
5,255,12802
1,87
2,2
3,4,4106240
3,2,12800
4,1
5,255,12802
1,118
2,2
3,2,2982913
3,1,12800
4,1
5,255,12802
1,118
2,2
3,2,4106242
3,1,12800
4,1
5,255,13057
1,118
2,2
3,1,2982657
3,2,12800
4,1
5,255,12802
1,118
2,2
3,1,4106498
3,2,12800
4,1
5,255,13057
1,173
2,2
3,3,4106242
3,0,12800
4,1
5,255,12803
1,173
2,2
3,7,4106240
3,2,12801
4,1
5,255,12803
1,173
2,2
3,0,11264
3,7,12803
4,1
5,255,2982912
1,157
2,2
3,2,11264
3,3,12800
4,1
5,255,11264
1,174
2,2
3,2,4106496
3,1,12802
4,1
5,255,12803
1,174
2,2
3,5,4106498
3,3,12801
4,1
5,255,12803
1,174
2,2
3,1,11265
3,5,12803
4,1
5,255,2982656
1,188
2,0
4,1
5,255,12803
1,171
2,2
3,3,11265
3,7,12801
4,1
5,255,2982658
1,171
2,2
3,7,4106496
3,1,12803
4,1
5,255,12801
1,171
2,2
3,0,4106498
3,3,12800
4,1
5,255,12801
1,62
2,2
3,3,11265
3,2,12802
4,1
5,255,11265
1,59
2,2
3,3,11265
3,0,12801
4,1
5,255,11265
1,167
2,2
3,2,11264
3,5,12801
4,1
5,255,2982914
1,167
2,2
3,5,4106242
3,0,12803
4,1
5,255,12801
1,167
2,2
3,1,4106240
3,2,12802
4,1
5,255,12801
1,151
2,2
3,2,11264
3,1,12801
4,1
5,255,11264
1,179
2,2
3,0,2982656
3,1,12803
4,1
5,255,12801
1,179
2,2
3,0,4106240
3,1,12803
4,1
5,255,13056
1,179
2,2
3,1,2982912
3,0,12803
4,1
5,255,12801
1,179
2,2
3,1,4106498
3,0,12803
4,1
5,255,13056
1,252
2,2
3,3,4106496
3,2,12801
4,1
5,255,13058
1,252
2,2
3,2,4106242
3,3,12801
4,1
5,255,13058
1,222
2,2
3,6,4106496
3,1,12800
4,1
5,255,12802
1,222
2,2
3,7,11264
3,1,12800
4,1
5,255,12802
1,222
2,2
3,7,12803
3,4,12802
4,1
5,255,4106240
1,222
2,2
3,2,4106498
3,3,12803
4,1
5,255,12802
1,235
2,2
3,6,11264
3,1,12803
4,1
5,255,12801
1,235
2,2
3,6,12800
3,5,12801
4,1
5,255,4106242
1,235
2,2
3,7,4106496
3,1,12803
4,1
5,255,12801
1,235
2,2
3,0,4106498
3,3,12800
4,1
5,255,12801
1,249
2,2
3,3,4106496
3,0,12802
4,1
5,255,13059
1,249
2,2
3,0,4106240
3,3,12802
4,1
5,255,13059
1,125
2,2
3,6,4106242
3,0,12802
4,1
5,255,12800
1,125
2,2
3,3,4106240
3,2,12803
4,1
5,255,12800
1,125
2,2
3,5,11265
3,0,12802
4,1
5,255,12800
1,125
2,2
3,5,12803
3,4,12800
4,1
5,255,4106498
1,123
2,2
3,0,4106496
3,1,12801
4,1
5,255,12800
1,123
2,2
3,5,11264
3,3,12802
4,1
5,255,12800
1,123
2,2
3,5,12801
3,6,12800
4,1
5,255,4106242
1,123
2,2
3,4,4106498
3,3,12802
4,1
5,255,12800
1,231
2,2
3,6,11265
3,0,12803
4,1
5,255,12801
1,231
2,2
3,6,12802
3,7,12801
4,1
5,255,4106496
1,231
2,2
3,5,4106242
3,0,12803
4,1
5,255,12801
1,231
2,2
3,1,4106240
3,2,12802
4,1
5,255,12801
1,215
2,2
3,7,11265
3,2,12800
4,1
5,255,12802
1,215
2,2
3,7,12801
3,6,12802
4,1
5,255,4106496
1,215
2,2
3,1,4106242
3,0,12801
4,1
5,255,12802
1,215
2,2
3,4,4106240
3,2,12800
4,1
5,255,12802
1,246
2,2
3,2,4106242
3,1,12800
4,1
5,255,13057
1,246
2,2
3,1,4106498
3,2,12800
4,1
5,255,13057
1,243
2,2
3,0,4106240
3,1,12803
4,1
5,255,13056
1,243
2,2
3,1,4106498
3,0,12803
4,1
5,255,13056
1,189
2,2
3,3,4106242
3,0,12800
4,1
5,255,12803
1,189
2,2
3,7,4106240
3,2,12801
4,1
5,255,12803
1,189
2,2
3,4,11265
3,2,12801
4,1
5,255,12803
1,189
2,2
3,4,12800
3,5,12803
4,1
5,255,4106498
1,190
2,2
3,2,4106496
3,1,12802
4,1
5,255,12803
1,190
2,2
3,5,4106498
3,3,12801
4,1
5,255,12803
1,190
2,2
3,4,11264
3,3,12801
4,1
5,255,12803
1,190
2,2
3,4,12802
3,7,12803
4,1
5,255,4106240
1,253
2,2
3,5,12803
3,4,12800
4,1
5,255,4106498
1,253
2,2
3,4,12800
3,5,12803
4,1
5,255,4106498
1,254
2,2
3,7,12803
3,4,12802
4,1
5,255,4106240
1,254
2,2
3,4,12802
3,7,12803
4,1
5,255,4106240
1,251
2,2
3,6,12800
3,5,12801
4,1
5,255,4106242
1,251
2,2
3,5,12801
3,6,12800
4,1
5,255,4106242
1,247
2,2
3,6,12802
3,7,12801
4,1
5,255,4106496
1,247
2,2
3,7,12801
3,6,12802
4,1
5,255,4106496
