140
21
0
18
1
4113154
1
2884096
9
2893826
2893570
2893314
2893058
2892802
2893056
2893312
2893568
2893824
1
2884096
1
4113152
21
1
18
1
4113922
1
4108288
9
4109568
4109312
4109056
4108800
4108544
4108802
4109058
4109314
4109570
1
4108290
1
4113920
17
0
10
1
4621058
1
22528
5
2884608
2884864
21248
20992
20736
1
22528
1
4621056
17
1
10
1
4620802
1
2885376
5
2885120
2885632
2886400
2886144
2885888
1
2885376
1
4620800
18
0
6
1
4621314
1
4625664
6
4625152
4624640
4624128
4623616
4623104
4622592
1
4625664
1
4621312
18
1
6
1
4621570
1
4625920
6
4622848
4623360
4623872
4624384
4624896
4625408
1
4625920
1
4621568
14
0
1
1
4621058
1
22528
2
22272
22528
1
22528
1
4621056
14
1
1
1
4620802
1
2885376
2
2885376
2883840
1
2885376
1
4620800
