0,195
1,256
2,2
3,6,8962
3,255,2867970
4,1
5,255,8962
1,256
2,2
3,2,1
3,255,2870529
4,1
5,255,8960
1,256
2,2
3,2,1
3,255,3591682
4,1
5,255,8961
1,256
2,2
3,2,7424
3,255,7425
4,1
5,255,9986
1,256
2,2
3,2,7424
3,255,2868225
4,1
5,255,9986
1,256
2,2
3,2,2868225
3,255,2870529
4,1
5,255,8960
1,256
2,2
3,2,2868225
3,255,3591682
4,1
5,255,8961
1,256
2,2
3,2,2868227
3,255,1
4,1
5,255,9984
1,256
2,2
3,5,8961
3,255,2867969
4,1
5,255,8961
1,256
2,2
3,5,8963
3,255,2867971
4,1
5,255,8963
1,256
2,2
3,3,1
3,255,2870530
4,1
5,255,8961
1,256
2,2
3,3,1
3,255,3591683
4,1
5,255,8962
1,256
2,2
3,3,7425
3,255,7424
4,1
5,255,9987
1,256
2,2
3,3,7425
3,255,2868226
4,1
5,255,9987
1,256
2,2
3,3,2868224
3,255,1
4,1
5,255,9985
1,256
2,2
3,3,2868226
3,255,2870530
4,1
5,255,8961
1,256
2,2
3,3,2868226
3,255,3591683
4,1
5,255,8962
1,256
2,2
3,255,1
3,1,2868226
4,1
5,255,9987
1,256
2,2
3,255,1
3,0,2868225
4,1
5,255,9986
1,256
2,2
3,255,7424
3,1,7425
4,1
5,255,9985
1,256
2,2
3,255,7425
3,0,7424
4,1
5,255,9984
1,256
2,2
3,255,2867968
3,6,8960
4,1
5,255,8960
1,256
2,2
3,255,2867968
3,4,8960
4,1
5,255,8960
1,256
2,2
3,255,2867969
3,7,8961
4,1
5,255,8961
1,256
2,2
3,255,2867970
3,4,8962
4,1
5,255,8962
1,256
2,2
3,255,2867971
3,7,8963
4,1
5,255,8963
1,256
2,2
3,255,2868224
3,1,7425
4,1
5,255,9985
1,256
2,2
3,255,2868227
3,0,7424
4,1
5,255,9984
1,256
2,2
3,255,2870528
3,1,1
4,1
5,255,8963
1,256
2,2
3,255,2870528
3,1,2868224
4,1
5,255,8963
1,256
2,2
3,255,2870531
3,0,1
4,1
5,255,8962
1,256
2,2
3,255,2870531
3,0,2868227
4,1
5,255,8962
1,256
2,2
3,255,3591680
3,0,1
4,1
5,255,8963
1,256
2,2
3,255,3591680
3,0,2868227
4,1
5,255,8963
1,256
2,2
3,255,3591681
3,1,1
4,1
5,255,8960
1,256
2,2
3,255,3591681
3,1,2868224
4,1
5,255,8960
1,256
2,3
3,2,7425
3,255,1
3,0,7425
4,1
5,255,7425
1,256
2,3
3,3,7424
3,255,1
3,1,7424
4,1
5,255,7424
1,256
2,5
3,6,7425
3,255,1
3,1,1
3,0,2868224
3,4,2868226
4,2
5,255,2868224
5,1,2868226
1,256
2,5
3,6,7425
3,255,1
3,1,2868226
3,0,2868224
3,4,2868226
4,2
5,255,2868224
5,1,2868226
1,256
2,5
3,6,2868224
3,2,2868226
3,3,1
3,255,1
3,4,7425
4,2
5,3,2868224
5,255,2868226
1,256
2,5
3,6,2868224
3,2,2868226
3,3,2868224
3,255,1
3,4,7425
4,2
5,3,2868224
5,255,2868226
1,256
2,5
3,6,2868227
3,2,1
3,3,2868225
3,255,1
3,4,7424
4,2
5,2,2868227
5,255,2868225
1,256
2,5
3,6,2868227
3,2,2868227
3,3,2868225
3,255,1
3,4,7424
4,2
5,2,2868227
5,255,2868225
1,256
2,5
3,2,0
3,3,1
3,255,1
3,1,2868227
3,0,2867969
4,1
5,255,2868227
1,256
2,5
3,2,0
3,3,2868227
3,255,1
3,1,1
3,0,2867968
4,1
5,255,2868227
1,256
2,5
3,2,1
3,5,2868227
3,255,1
3,1,2868225
3,7,7424
4,2
5,2,2868227
5,255,2868225
1,256
2,5
3,2,1
3,3,2867968
3,255,1
3,1,0
3,0,2868226
4,1
5,255,2868226
1,256
2,5
3,2,7424
3,3,7425
3,255,1
3,1,2870530
3,0,3591682
4,3
5,255,11008
5,1,3591938
5,0,2870274
1,256
2,5
3,2,7424
3,3,3591681
3,255,1
3,1,7425
3,0,2870529
4,3
5,3,2870273
5,255,11008
5,0,3591937
1,256
2,5
3,2,2867970
3,3,1
3,255,1
3,1,2868225
3,0,0
4,1
5,255,2868225
1,256
2,5
3,2,2867971
3,3,2868225
3,255,1
3,1,1
3,0,0
4,1
5,255,2868225
1,256
2,5
3,2,2868224
3,5,2868226
3,255,1
3,1,1
3,7,7425
4,2
5,255,2868224
5,1,2868226
1,256
2,5
3,2,2868224
3,5,2868226
3,255,1
3,1,2868226
3,7,7425
4,2
5,255,2868224
5,1,2868226
1,256
2,5
3,2,2868224
3,3,0
3,255,1
3,1,2867970
3,0,1
4,1
5,255,2868224
1,256
2,5
3,2,2868226
3,3,2867971
3,255,1
3,1,0
3,0,1
4,1
5,255,2868226
1,256
2,5
3,2,2868227
3,5,2868227
3,255,1
3,1,2868225
3,7,7424
4,2
5,2,2868227
5,255,2868225
1,256
2,5
3,2,2870531
3,3,7425
3,255,1
3,1,3591683
3,0,7424
4,3
5,2,3591939
5,255,11008
5,1,2870275
1,256
2,5
3,2,3591680
3,3,2870528
3,255,1
3,1,7425
3,0,7424
4,3
5,2,2870272
5,3,3591936
5,255,11008
1,256
2,5
3,5,7424
3,3,2868227
3,255,1
3,7,2868225
3,0,1
4,2
5,255,2868227
5,0,2868225
1,256
2,5
3,5,7424
3,3,2868227
3,255,1
3,7,2868225
3,0,2868225
4,2
5,255,2868227
5,0,2868225
1,256
2,5
3,5,7425
3,3,1
3,255,1
3,7,2868224
3,0,2868226
4,2
5,3,2868224
5,255,2868226
1,256
2,5
3,5,7425
3,3,2868224
3,255,1
3,7,2868224
3,0,2868226
4,2
5,3,2868224
5,255,2868226
1,256
2,5
3,3,2870528
3,2,3591680
3,0,7424
3,1,7425
3,255,1
4,3
5,255,11008
5,3,3591936
5,2,2870272
1,256
2,5
3,255,1
3,0,1
3,6,7424
3,1,2868227
3,4,2868225
4,2
5,255,2868227
5,0,2868225
1,256
2,5
3,255,1
3,0,2868225
3,6,7424
3,1,2868227
3,4,2868225
4,2
5,255,2868227
5,0,2868225
1,256
2,5
3,0,2868224
3,255,1
3,2,1
3,3,0
3,1,2867969
4,1
5,255,2868224
1,256
2,6
3,16,7424
3,6,2867969
3,2,9987
3,3,9985
3,255,2867971
3,7,8963
4,4
5,3,3587840
5,255,3587584
5,6,3588096
5,2,3588352
1,256
2,6
3,16,7424
3,2,9985
3,5,2867968
3,255,2867970
3,1,9987
3,4,8962
4,4
5,2,3586819
5,5,3587075
5,255,3586563
5,1,3587331
1,256
2,6
3,6,8960
3,3,9985
3,255,2867968
3,7,2867970
3,0,9987
3,8,7424
4,4
5,3,3587329
5,255,3586561
5,7,3587073
5,0,3586817
1,256
2,6
3,6,8962
3,2,9984
3,5,2867968
3,255,2867970
3,1,9986
3,12,7425
4,4
5,2,3587843
5,5,3588099
5,255,3587587
5,1,3588355
1,256
2,6
3,6,2867969
3,2,9984
3,5,8963
3,20,7425
3,3,9986
3,255,2867971
4,4
5,6,3587072
5,2,3587328
5,3,3586816
5,255,3586560
1,256
2,6
3,5,8961
3,255,2867969
3,1,9987
3,0,9985
3,4,2867971
3,8,7424
4,4
5,255,3587586
5,1,3587842
5,0,3588354
5,4,3588098
1,256
2,6
3,20,7425
3,3,9984
3,255,2867968
3,7,2867970
3,0,9986
3,4,8960
4,4
5,3,3588353
5,255,3587585
5,7,3588097
5,0,3587841
1,256
2,6
3,255,2867969
3,1,9984
3,12,7425
3,7,8961
3,0,9986
3,4,2867971
4,4
5,255,3586562
5,1,3586818
5,0,3587330
5,4,3587074
1,256
2,8
3,17,0
3,19,0
3,6,5
3,2,8961
3,5,8963
3,20,7425
3,3,7425
3,255,8963
4,4
5,6,3587072
5,2,3587328
5,3,3586816
5,255,3586560
1,256
2,8
3,16,7424
3,17,0
3,19,0
3,6,5
3,2,7424
3,3,8961
3,255,8963
3,7,8963
4,4
5,3,3587840
5,255,3587584
5,6,3588096
5,2,3588352
1,256
2,8
3,16,7424
3,15,0
3,2,7424
3,5,5
3,13,0
3,255,8962
3,1,8960
3,4,8962
4,4
5,2,3586819
5,5,3587075
5,255,3586563
5,1,3587331
1,256
2,8
3,15,0
3,6,8962
3,2,8960
3,5,5
3,13,0
3,255,8962
3,1,7425
3,12,7425
4,4
5,2,3587843
5,5,3588099
5,255,3587587
5,1,3588355
1,256
2,8
3,6,8960
3,3,8962
3,255,8960
3,21,0
3,7,5
3,0,7424
3,23,0
3,8,7424
4,4
5,3,3587329
5,255,3586561
5,7,3587073
5,0,3586817
1,256
2,8
3,5,8961
3,255,8961
3,1,8963
3,0,7424
3,4,5
3,11,0
3,8,7424
3,9,0
4,4
5,255,3587586
5,1,3587842
5,0,3588354
5,4,3588098
1,256
2,8
3,20,7425
3,3,7425
3,255,8960
3,21,0
3,7,5
3,0,8962
3,4,8960
3,23,0
4,4
5,3,3588353
5,255,3587585
5,7,3588097
5,0,3587841
1,256
2,8
3,255,8961
3,1,7425
3,12,7425
3,7,8961
3,0,8963
3,4,5
3,11,0
3,9,0
4,4
5,255,3586562
5,1,3586818
5,0,3587330
5,4,3587074
1,256
2,11
3,17,0
3,16,0
3,19,0
3,6,3586562
3,2,1
3,20,8961
3,3,3587330
3,255,1
3,1,0
3,7,0
3,0,0
4,2
5,2,3586818
5,255,3587074
1,256
2,11
3,17,0
3,16,0
3,19,0
3,6,3587072
3,2,3587328
3,5,8963
3,3,1
3,255,1
3,1,0
3,7,0
3,0,0
4,2
5,3,3586816
5,255,3586560
1,256
2,11
3,17,0
3,16,0
3,19,8962
3,6,3587843
3,2,3588099
3,5,0
3,20,0
3,3,3587587
3,255,1
3,7,0
3,0,0
4,1
5,255,3588355
1,256
2,11
3,17,0
3,16,8961
3,19,0
3,6,3587586
3,2,3587842
3,5,0
3,20,0
3,3,1
3,255,1
3,1,0
3,0,0
4,2
5,3,3588354
5,255,3588098
1,256
2,11
3,17,0
3,19,0
3,6,3588096
3,2,1
3,5,0
3,20,0
3,3,3587840
3,255,1
3,1,0
3,7,8963
3,0,0
4,2
5,255,3587584
5,2,3588352
1,256
2,11
3,17,8960
3,16,0
3,19,0
3,6,3587329
3,2,3586561
3,5,0
3,20,0
3,3,3587073
3,255,1
3,1,0
3,7,0
4,1
5,255,3586817
1,256
2,11
3,16,0
3,15,0
3,6,0
3,2,3587072
3,5,3587328
3,13,8963
3,255,1
3,1,3586560
3,12,0
3,0,0
3,4,0
4,1
5,255,3586816
1,256
2,11
3,16,0
3,15,0
3,6,8962
3,2,3587843
3,5,3588099
3,13,0
3,3,0
3,255,1
3,1,1
3,0,0
3,4,0
4,2
5,255,3587587
5,1,3588355
1,256
2,11
3,16,0
3,15,0
3,2,1
3,5,3587585
3,13,0
3,3,0
3,255,1
3,1,3587841
3,12,8960
3,0,0
3,4,0
4,2
5,2,3588353
5,255,3588097
1,256
2,11
3,16,0
3,15,8961
3,6,0
3,2,3587586
3,5,3587842
3,13,0
3,3,0
3,255,1
3,1,3588098
3,12,0
3,4,0
4,1
5,255,3588354
1,256
2,11
3,16,8960
3,15,0
3,6,0
3,2,3587329
3,5,3586561
3,13,0
3,3,0
3,255,1
3,1,1
3,12,0
3,0,0
4,2
5,255,3587073
5,1,3586817
1,256
2,11
3,15,0
3,6,0
3,2,1
3,5,3587075
3,13,0
3,3,0
3,255,1
3,1,3587331
3,12,0
3,0,0
3,4,8962
4,2
5,2,3586819
5,255,3586563
1,256
2,11
3,6,0
3,2,0
3,20,0
3,3,3586562
3,255,1
3,21,8961
3,7,3587330
3,0,3587074
3,4,0
3,23,0
3,8,0
4,1
5,255,3586818
1,256
2,11
3,6,0
3,2,0
3,20,8962
3,3,3587843
3,255,1
3,1,0
3,21,0
3,7,3587587
3,0,1
3,23,0
3,8,0
4,2
5,255,3588099
5,0,3588355
1,256
2,11
3,6,0
3,2,0
3,3,1
3,255,1
3,1,0
3,21,0
3,7,3588097
3,0,3587841
3,4,8960
3,23,0
3,8,0
4,2
5,3,3588353
5,255,3587585
1,256
2,11
3,6,0
3,20,0
3,3,3588096
3,255,1
3,1,0
3,21,0
3,7,3587840
3,4,0
3,23,8963
3,0,3587584
3,8,0
4,1
5,255,3588352
1,256
2,11
3,6,8960
3,2,0
3,20,0
3,3,3587329
3,255,1
3,1,0
3,21,0
3,7,3587073
3,0,1
3,4,0
3,23,0
4,2
5,255,3586561
5,0,3586817
1,256
2,11
3,2,0
3,5,0
3,3,0
3,255,1
3,1,1
3,7,8961
3,0,3587330
3,4,3587074
3,11,0
3,8,0
3,9,0
4,2
5,255,3586562
5,1,3586818
1,256
2,11
3,2,0
3,5,0
3,3,0
3,255,1
3,1,3587328
3,12,8963
3,0,1
3,4,3586560
3,11,0
3,8,0
3,9,0
4,2
5,255,3587072
5,0,3586816
1,256
2,11
3,2,0
3,5,0
3,255,1
3,1,3587585
3,12,0
3,7,0
3,0,3588097
3,4,3587841
3,11,8960
3,8,0
3,9,0
4,1
5,255,3588353
1,256
2,11
3,2,0
3,5,8961
3,3,0
3,255,1
3,1,3587842
3,12,0
3,7,0
3,0,1
3,4,3588098
3,11,0
3,9,0
4,2
5,255,3587586
5,0,3588354
1,256
2,11
3,2,0
3,20,0
3,3,1
3,255,1
3,1,0
3,21,0
3,7,3586563
3,0,3587331
3,4,0
3,23,0
3,8,8962
4,2
5,3,3586819
5,255,3587075
1,256
2,11
3,2,0
3,3,0
3,255,1
3,1,1
3,12,0
3,7,0
3,0,3587840
3,4,3587584
3,11,0
3,8,8963
3,9,0
4,2
5,255,3588096
5,1,3588352
1,256
2,11
3,5,0
3,3,0
3,255,1
3,1,3587075
3,12,0
3,7,0
3,0,3586563
3,4,3587331
3,11,0
3,8,0
3,9,8962
4,1
5,255,3586819
1,256
2,12
3,17,0
3,16,0
3,19,0
3,6,1
3,2,1
3,5,8963
3,20,7425
3,3,1
3,255,1
3,1,0
3,7,0
3,0,0
4,4
5,6,3587072
5,2,3587328
5,3,3586816
5,255,3586560
1,256
2,12
3,17,0
3,16,0
3,19,0
3,6,3584769
3,2,1
3,5,0
3,20,8961
3,3,3584513
3,255,1
3,1,8960
3,7,0
3,0,0
4,2
5,2,3584001
5,255,3584257
1,256
2,12
3,17,0
3,16,0
3,19,0
3,6,3584769
3,2,3584001
3,5,0
3,20,8961
3,3,1
3,255,1
3,1,8960
3,7,0
3,0,0
4,2
5,3,3584513
5,255,3584257
1,256
2,12
3,17,0
3,16,0
3,19,0
3,6,3584769
3,2,3584001
3,5,0
3,20,8961
3,3,3584513
3,255,1
3,1,8960
3,7,0
3,0,0
4,1
5,255,3584257
1,256
2,12
3,17,0
3,16,0
3,19,0
3,6,3586562
3,2,3586818
3,5,7425
3,20,8961
3,3,1
3,255,1
3,1,0
3,7,0
3,0,0
4,2
5,3,3587330
5,255,3587074
1,256
2,12
3,17,0
3,16,0
3,19,0
3,6,3587072
3,2,1
3,5,8963
3,20,7425
3,3,3586816
3,255,1
3,1,0
3,7,0
3,0,0
4,2
5,2,3587328
5,255,3586560
1,256
2,12
3,17,0
3,16,0
3,19,7425
3,6,3588353
3,2,3587585
3,5,0
3,20,0
3,3,3588097
3,255,1
3,1,8960
3,7,0
3,0,0
4,1
5,255,3587841
1,256
2,12
3,17,0
3,16,0
3,19,8962
3,6,1
3,2,1
3,5,8963
3,20,0
3,3,1
3,255,1
3,1,0
3,7,0
3,0,0
4,4
5,6,3584259
5,2,3584515
5,3,3584003
5,255,3584771
1,256
2,12
3,17,0
3,16,0
3,19,8962
3,6,3584259
3,2,1
3,5,8963
3,20,0
3,3,3584003
3,255,1
3,1,0
3,7,0
3,0,0
4,2
5,2,3584515
5,255,3584771
1,256
2,12
3,17,0
3,16,0
3,19,8962
3,6,3584259
3,2,3584515
3,5,8963
3,20,0
3,3,1
3,255,1
3,1,0
3,7,0
3,0,0
4,2
5,3,3584003
5,255,3584771
1,256
2,12
3,17,0
3,16,7424
3,19,0
3,6,1
3,2,1
3,5,0
3,20,0
3,3,1
3,255,1
3,1,0
3,7,8963
3,0,0
4,4
5,3,3587840
5,255,3587584
5,6,3588096
5,2,3588352
1,256
2,12
3,17,0
3,16,7424
3,19,0
3,6,3588096
3,2,3588352
3,5,0
3,20,0
3,3,1
3,255,1
3,1,0
3,7,8963
3,0,0
4,2
5,3,3587840
5,255,3587584
1,256
2,12
3,17,0
3,16,8961
3,19,0
3,6,3584002
3,2,1
3,5,0
3,20,0
3,3,3584770
3,255,1
3,1,0
3,7,0
3,0,8962
4,2
5,2,3584258
5,255,3584514
1,256
2,12
3,17,0
3,16,8961
3,19,0
3,6,3584002
3,2,3584258
3,5,0
3,20,0
3,3,1
3,255,1
3,1,0
3,7,0
3,0,8962
4,2
5,3,3584770
5,255,3584514
1,256
2,12
3,17,0
3,16,8961
3,19,0
3,6,3584002
3,2,3584258
3,5,0
3,20,0
3,3,3584770
3,255,1
3,1,0
3,7,0
3,0,8962
4,1
5,255,3584514
1,256
2,12
3,17,0
3,16,8961
3,19,0
3,6,3587586
3,2,1
3,5,0
3,20,0
3,3,3588354
3,255,1
3,1,0
3,7,7424
3,0,0
4,2
5,2,3587842
5,255,3588098
1,256
2,12
3,17,7424
3,16,0
3,19,0
3,6,3586819
3,2,3587075
3,5,0
3,20,0
3,3,3586563
3,255,1
3,1,0
3,7,0
3,0,8962
4,1
5,255,3587331
1,256
2,12
3,17,8960
3,16,0
3,19,0
3,6,1
3,2,1
3,5,0
3,20,0
3,3,1
3,255,1
3,1,0
3,7,8963
3,0,0
4,4
5,6,3584512
5,2,3584768
5,3,3584256
5,255,3584000
1,256
2,12
3,17,8960
3,16,0
3,19,0
3,6,3584512
3,2,1
3,5,0
3,20,0
3,3,3584256
3,255,1
3,1,0
3,7,8963
3,0,0
4,2
5,2,3584768
5,255,3584000
1,256
2,12
3,17,8960
3,16,0
3,19,0
3,6,3584512
3,2,3584768
3,5,0
3,20,0
3,3,1
3,255,1
3,1,0
3,7,8963
3,0,0
4,2
5,3,3584256
5,255,3584000
1,256
2,12
3,16,0
3,15,0
3,6,0
3,2,1
3,5,3584001
3,13,0
3,3,8961
3,255,1
3,1,3584257
3,12,8960
3,0,0
3,4,0
4,2
5,2,3584769
5,255,3584513
1,256
2,12
3,16,0
3,15,0
3,6,0
3,2,3584769
3,5,3584001
3,13,0
3,3,8961
3,255,1
3,1,1
3,12,8960
3,0,0
3,4,0
4,2
5,255,3584513
5,1,3584257
1,256
2,12
3,16,0
3,15,0
3,6,0
3,2,3584769
3,5,3584001
3,13,0
3,3,8961
3,255,1
3,1,3584257
3,12,8960
3,0,0
3,4,0
4,1
5,255,3584513
1,256
2,12
3,16,0
3,15,0
3,6,0
3,2,3586562
3,5,3586818
3,13,7425
3,3,8961
3,255,1
3,1,3587074
3,12,0
3,0,0
3,4,0
4,1
5,255,3587330
1,256
2,12
3,16,0
3,15,0
3,6,7425
3,2,3588353
3,5,3587585
3,13,0
3,3,0
3,255,1
3,1,1
3,12,8960
3,0,0
3,4,0
4,2
5,255,3588097
5,1,3587841
1,256
2,12
3,16,0
3,15,0
3,6,8962
3,2,1
3,5,1
3,13,0
3,3,0
3,255,1
3,1,1
3,12,7425
3,0,0
3,4,0
4,4
5,2,3587843
5,5,3588099
5,255,3587587
5,1,3588355
1,256
2,12
3,16,0
3,15,0
3,6,8962
3,2,1
3,5,1
3,13,8963
3,3,0
3,255,1
3,1,1
3,12,0
3,0,0
3,4,0
4,4
5,2,3584259
5,5,3584515
5,255,3584003
5,1,3584771
1,256
2,12
3,16,0
3,15,0
3,6,8962
3,2,1
3,5,3584515
3,13,8963
3,3,0
3,255,1
3,1,3584771
3,12,0
3,0,0
3,4,0
4,2
5,2,3584259
5,255,3584003
1,256
2,12
3,16,0
3,15,0
3,6,8962
3,2,1
3,5,3588099
3,13,0
3,3,0
3,255,1
3,1,3588355
3,12,7425
3,0,0
3,4,0
4,2
5,2,3587843
5,255,3587587
1,256
2,12
3,16,0
3,15,0
3,6,8962
3,2,3584259
3,5,3584515
3,13,8963
3,3,0
3,255,1
3,1,1
3,12,0
3,0,0
3,4,0
4,2
5,255,3584003
5,1,3584771
1,256
2,12
3,16,0
3,15,7424
3,6,0
3,2,3588096
3,5,3588352
3,13,0
3,3,0
3,255,1
3,1,3587584
3,12,0
3,0,8963
3,4,0
4,1
5,255,3587840
1,256
2,12
3,16,0
3,15,8961
3,6,0
3,2,1
3,5,1
3,13,0
3,3,0
3,255,1
3,1,1
3,12,0
3,0,0
3,4,8962
4,4
5,2,3584002
5,5,3584258
5,255,3584770
5,1,3584514
1,256
2,12
3,16,0
3,15,8961
3,6,0
3,2,1
3,5,3584258
3,13,0
3,3,0
3,255,1
3,1,3584514
3,12,0
3,0,0
3,4,8962
4,2
5,2,3584002
5,255,3584770
1,256
2,12
3,16,0
3,15,8961
3,6,0
3,2,3584002
3,5,3584258
3,13,0
3,3,0
3,255,1
3,1,1
3,12,0
3,0,0
3,4,8962
4,2
5,255,3584770
5,1,3584514
1,256
2,12
3,16,7424
3,15,0
3,6,0
3,2,1
3,5,1
3,13,0
3,3,0
3,255,1
3,1,1
3,12,0
3,0,0
3,4,8962
4,4
5,2,3586819
5,5,3587075
5,255,3586563
5,1,3587331
1,256
2,12
3,16,7424
3,15,0
3,6,0
3,2,3586819
3,5,3587075
3,13,0
3,3,0
3,255,1
3,1,1
3,12,0
3,0,0
3,4,8962
4,2
5,255,3586563
5,1,3587331
1,256
2,12
3,16,8960
3,15,0
3,6,0
3,2,1
3,5,3584768
3,13,0
3,3,0
3,255,1
3,1,3584000
3,12,0
3,0,8963
3,4,0
4,2
5,2,3584512
5,255,3584256
1,256
2,12
3,16,8960
3,15,0
3,6,0
3,2,1
3,5,3586561
3,13,0
3,3,0
3,255,1
3,1,3586817
3,12,0
3,0,0
3,4,7424
4,2
5,2,3587329
5,255,3587073
1,256
2,12
3,16,8960
3,15,0
3,6,0
3,2,3584512
3,5,3584768
3,13,0
3,3,0
3,255,1
3,1,1
3,12,0
3,0,8963
3,4,0
4,2
5,255,3584256
5,1,3584000
1,256
2,12
3,16,8960
3,15,0
3,6,0
3,2,3584512
3,5,3584768
3,13,0
3,3,0
3,255,1
3,1,3584000
3,12,0
3,0,8963
3,4,0
4,1
5,255,3584256
1,256
2,12
3,6,0
3,2,0
3,20,0
3,3,1
3,255,1
3,1,0
3,21,8961
3,7,1
3,0,1
3,4,8960
3,23,0
3,8,0
4,4
5,3,3584769
5,255,3584001
5,7,3584513
5,0,3584257
1,256
2,12
3,6,0
3,2,0
3,20,0
3,3,1
3,255,1
3,1,0
3,21,8961
3,7,3584513
3,0,3584257
3,4,8960
3,23,0
3,8,0
4,2
5,3,3584769
5,255,3584001
1,256
2,12
3,6,0
3,2,0
3,20,0
3,3,3584769
3,255,1
3,1,0
3,21,8961
3,7,3584513
3,0,1
3,4,8960
3,23,0
3,8,0
4,2
5,255,3584001
5,0,3584257
1,256
2,12
3,6,0
3,2,0
3,20,0
3,3,3587072
3,255,1
3,1,8963
3,21,7425
3,7,3586816
3,0,3586560
3,4,0
3,23,0
3,8,0
4,1
5,255,3587328
1,256
2,12
3,6,0
3,2,0
3,20,7425
3,3,1
3,255,1
3,1,0
3,21,0
3,7,1
3,0,1
3,4,8960
3,23,0
3,8,0
4,4
5,3,3588353
5,255,3587585
5,7,3588097
5,0,3587841
1,256
2,12
3,6,0
3,2,0
3,20,7425
3,3,3588353
3,255,1
3,1,0
3,21,0
3,7,3588097
3,0,1
3,4,8960
3,23,0
3,8,0
4,2
5,255,3587585
5,0,3587841
1,256
2,12
3,6,0
3,2,0
3,20,8962
3,3,1
3,255,1
3,1,0
3,21,0
3,7,3587587
3,0,3588355
3,4,7425
3,23,0
3,8,0
4,2
5,3,3587843
5,255,3588099
1,256
2,12
3,6,0
3,2,0
3,20,8962
3,3,1
3,255,1
3,1,8963
3,21,0
3,7,3584003
3,0,3584771
3,4,0
3,23,0
3,8,0
4,2
5,3,3584259
5,255,3584515
1,256
2,12
3,6,0
3,2,0
3,20,8962
3,3,3584259
3,255,1
3,1,8963
3,21,0
3,7,3584003
3,0,1
3,4,0
3,23,0
3,8,0
4,2
5,255,3584515
5,0,3584771
1,256
2,12
3,6,0
3,2,0
3,20,8962
3,3,3584259
3,255,1
3,1,8963
3,21,0
3,7,3584003
3,0,3584771
3,4,0
3,23,0
3,8,0
4,1
5,255,3584515
1,256
2,12
3,6,0
3,2,8961
3,20,0
3,3,1
3,255,1
3,1,0
3,21,0
3,7,3584770
3,0,3584514
3,4,0
3,23,0
3,8,8962
4,2
5,3,3584002
5,255,3584258
1,256
2,12
3,6,0
3,2,8961
3,20,0
3,3,3584002
3,255,1
3,1,0
3,21,0
3,7,3584770
3,0,1
3,4,0
3,23,0
3,8,8962
4,2
5,255,3584258
5,0,3584514
1,256
2,12
3,6,0
3,2,8961
3,20,0
3,3,3584002
3,255,1
3,1,0
3,21,0
3,7,3584770
3,0,3584514
3,4,0
3,23,0
3,8,8962
4,1
5,255,3584258
1,256
2,12
3,6,0
3,2,8961
3,20,0
3,3,3587586
3,255,1
3,1,0
3,21,0
3,7,3588354
3,0,3588098
3,4,0
3,23,7424
3,8,0
4,1
5,255,3587842
1,256
2,12
3,6,7424
3,2,0
3,20,0
3,3,3586819
3,255,1
3,1,0
3,21,0
3,7,3586563
3,0,1
3,4,0
3,23,0
3,8,8962
4,2
5,255,3587075
5,0,3587331
1,256
2,12
3,6,8960
3,2,0
3,20,0
3,3,1
3,255,1
3,1,0
3,21,0
3,7,1
3,0,1
3,4,0
3,23,0
3,8,7424
4,4
5,3,3587329
5,255,3586561
5,7,3587073
5,0,3586817
1,256
2,12
3,6,8960
3,2,0
3,20,0
3,3,1
3,255,1
3,1,0
3,21,0
3,7,1
3,0,1
3,4,0
3,23,8963
3,8,0
4,4
5,3,3584512
5,255,3584768
5,7,3584256
5,0,3584000
1,256
2,12
3,6,8960
3,2,0
3,20,0
3,3,1
3,255,1
3,1,0
3,21,0
3,7,3584256
3,0,3584000
3,4,0
3,23,8963
3,8,0
4,2
5,3,3584512
5,255,3584768
1,256
2,12
3,6,8960
3,2,0
3,20,0
3,3,1
3,255,1
3,1,0
3,21,0
3,7,3587073
3,0,3586817
3,4,0
3,23,0
3,8,7424
4,2
5,3,3587329
5,255,3586561
1,256
2,12
3,6,8960
3,2,0
3,20,0
3,3,3584512
3,255,1
3,1,0
3,21,0
3,7,3584256
3,0,1
3,4,0
3,23,8963
3,8,0
4,2
5,255,3584768
5,0,3584000
1,256
2,12
3,2,0
3,5,0
3,3,0
3,255,1
3,1,1
3,12,0
3,7,8961
3,0,1
3,4,1
3,11,8960
3,8,0
3,9,0
4,4
5,255,3584769
5,1,3584001
5,0,3584513
5,4,3584257
1,256
2,12
3,2,0
3,5,0
3,3,0
3,255,1
3,1,1
3,12,0
3,7,8961
3,0,3584513
3,4,3584257
3,11,8960
3,8,0
3,9,0
4,2
5,255,3584769
5,1,3584001
1,256
2,12
3,2,0
3,5,0
3,3,0
3,255,1
3,1,1
3,12,7425
3,7,8961
3,0,1
3,4,1
3,11,0
3,8,0
3,9,0
4,4
5,255,3586562
5,1,3586818
5,0,3587330
5,4,3587074
1,256
2,12
3,2,0
3,5,0
3,3,0
3,255,1
3,1,1
3,12,8963
3,7,7425
3,0,3586816
3,4,3586560
3,11,0
3,8,0
3,9,0
4,2
5,255,3587072
5,1,3587328
1,256
2,12
3,2,0
3,5,0
3,3,0
3,255,1
3,1,3584001
3,12,0
3,7,8961
3,0,1
3,4,3584257
3,11,8960
3,8,0
3,9,0
4,2
5,255,3584769
5,0,3584513
1,256
2,12
3,2,0
3,5,0
3,3,0
3,255,1
3,1,3586818
3,12,7425
3,7,8961
3,0,1
3,4,3587074
3,11,0
3,8,0
3,9,0
4,2
5,255,3586562
5,0,3587330
1,256
2,12
3,2,0
3,5,0
3,3,8962
3,255,1
3,1,1
3,12,8963
3,7,0
3,0,3584003
3,4,3584771
3,11,0
3,8,0
3,9,0
4,2
5,255,3584259
5,1,3584515
1,256
2,12
3,2,0
3,5,0
3,3,8962
3,255,1
3,1,3584515
3,12,8963
3,7,0
3,0,1
3,4,3584771
3,11,0
3,8,0
3,9,0
4,2
5,255,3584259
5,0,3584003
1,256
2,12
3,2,0
3,5,0
3,3,8962
3,255,1
3,1,3584515
3,12,8963
3,7,0
3,0,3584003
3,4,3584771
3,11,0
3,8,0
3,9,0
4,1
5,255,3584259
1,256
2,12
3,2,0
3,5,0
3,3,8962
3,255,1
3,1,3588099
3,12,0
3,7,0
3,0,3587587
3,4,3588355
3,11,7425
3,8,0
3,9,0
4,1
5,255,3587843
1,256
2,12
3,2,0
3,5,7424
3,3,0
3,255,1
3,1,3588352
3,12,0
3,7,0
3,0,1
3,4,3587584
3,11,0
3,8,8963
3,9,0
4,2
5,0,3587840
5,255,3588096
1,256
2,12
3,2,0
3,5,8961
3,3,0
3,255,1
3,1,1
3,12,0
3,7,0
3,0,1
3,4,1
3,11,0
3,8,0
3,9,8962
4,4
5,255,3584002
5,1,3584258
5,0,3584770
5,4,3584514
1,256
2,12
3,2,0
3,5,8961
3,3,0
3,255,1
3,1,1
3,12,0
3,7,0
3,0,1
3,4,1
3,11,0
3,8,7424
3,9,0
4,4
5,255,3587586
5,1,3587842
5,0,3588354
5,4,3588098
1,256
2,12
3,2,0
3,5,8961
3,3,0
3,255,1
3,1,1
3,12,0
3,7,0
3,0,3584770
3,4,3584514
3,11,0
3,8,0
3,9,8962
4,2
5,255,3584002
5,1,3584258
1,256
2,12
3,2,0
3,5,8961
3,3,0
3,255,1
3,1,1
3,12,0
3,7,0
3,0,3588354
3,4,3588098
3,11,0
3,8,7424
3,9,0
4,2
5,255,3587586
5,1,3587842
1,256
2,12
3,2,0
3,5,8961
3,3,0
3,255,1
3,1,3584258
3,12,0
3,7,0
3,0,1
3,4,3584514
3,11,0
3,8,0
3,9,8962
4,2
5,255,3584002
5,0,3584770
1,256
2,12
3,2,8960
3,5,0
3,3,0
3,255,1
3,1,1
3,12,0
3,7,0
3,0,3584256
3,4,3584000
3,11,0
3,8,8963
3,9,0
4,2
5,255,3584512
5,1,3584768
1,256
2,12
3,2,8960
3,5,0
3,3,0
3,255,1
3,1,3584768
3,12,0
3,7,0
3,0,1
3,4,3584000
3,11,0
3,8,8963
3,9,0
4,2
5,255,3584512
5,0,3584256
1,256
2,12
3,2,8960
3,5,0
3,3,0
3,255,1
3,1,3584768
3,12,0
3,7,0
3,0,3584256
3,4,3584000
3,11,0
3,8,8963
3,9,0
4,1
5,255,3584512
1,256
2,12
3,2,8960
3,5,0
3,3,0
3,255,1
3,1,3586561
3,12,0
3,7,0
3,0,3587073
3,4,3586817
3,11,0
3,8,0
3,9,7424
4,1
5,255,3587329
1,256
2,13
3,17,0
3,16,0
3,19,0
3,6,1
3,2,1
3,5,8963
3,20,1
3,3,1
3,255,1
3,1,0
3,21,0
3,7,0
3,0,0
4,4
5,6,3587072
5,2,3587328
5,3,3586816
5,255,3586560
1,256
2,13
3,17,0
3,16,1
3,15,0
3,6,0
3,2,1
3,5,1
3,13,0
3,3,0
3,255,1
3,1,1
3,12,0
3,0,0
3,4,8962
4,4
5,2,3586819
5,5,3587075
5,255,3586563
5,1,3587331
1,256
2,13
3,16,0
3,15,0
3,6,8962
3,2,1
3,5,1
3,13,0
3,3,0
3,255,1
3,1,1
3,12,1
3,0,0
3,4,0
3,11,0
4,4
5,2,3587843
5,5,3588099
5,255,3587587
5,1,3588355
1,256
2,13
3,16,1
3,6,1
3,2,1
3,3,1
3,255,1
3,17,0
3,15,0
3,5,0
3,1,0
3,0,0
3,20,0
3,19,0
3,7,8963
4,4
5,3,3587840
5,255,3587584
5,6,3588096
5,2,3588352
1,256
2,13
3,19,0
3,6,0
3,2,0
3,20,1
3,3,1
3,255,1
3,1,0
3,21,0
3,7,1
3,0,1
3,4,8960
3,23,0
3,8,0
4,4
5,3,3588353
5,255,3587585
5,7,3588097
5,0,3587841
1,256
2,13
3,6,8960
3,2,0
3,20,0
3,3,1
3,255,1
3,1,0
3,21,0
3,7,1
3,0,1
3,4,0
3,23,0
3,8,1
3,9,0
4,4
5,3,3587329
5,255,3586561
5,7,3587073
5,0,3586817
1,256
2,13
3,2,0
3,5,0
3,13,0
3,3,0
3,255,1
3,1,1
3,12,1
3,7,8961
3,0,1
3,4,1
3,11,0
3,8,0
3,9,0
4,4
5,255,3586562
5,1,3586818
5,0,3587330
5,4,3587074
1,256
2,13
3,2,0
3,5,8961
3,3,0
3,255,1
3,1,1
3,12,0
3,7,0
3,0,1
3,4,1
3,11,0
3,23,0
3,8,1
3,9,0
4,4
5,255,3587586
5,1,3587842
5,0,3588354
5,4,3588098
