180
17152,7424
17153,7425
17154,7424
17155,7425
3850240,7424
3850241,7425
3850242,7424
3850243,7425
3850496,7424
3850497,7425
3850498,7424
3850499,7425
3850752,7424
3850753,7425
3850754,7424
3850755,7425
17664,7424
17665,7425
17666,7424
17667,7425
4352000,7424
4352001,7425
4352002,7424
4352003,7425
4352256,7425
4352257,7424
4352258,7425
4352259,7424
2969600,7424
2969601,7425
2969602,7424
2969603,7425
2971904,7425
2971905,7424
2971906,7425
2971907,7424
8192,7424
8193,7425
8194,7424
8195,7425
7936,7425
7937,7424
7938,7425
7939,7424
2867712,7424
2867713,7425
2867714,7424
2867715,7425
2867456,7425
2867457,7424
2867458,7425
2867459,7424
2885376,7425
2885377,7424
2885378,7425
2885379,7424
2885120,7425
2885121,7424
2885122,7425
2885123,7424
2885632,7425
2885633,7424
2885634,7425
2885635,7424
2886400,7425
2886401,7424
2886402,7425
2886403,7424
2886144,7425
2886145,7424
2886146,7425
2886147,7424
2885888,7425
2885889,7424
2885890,7425
2885891,7424
22528,7424
22529,7425
22530,7424
22531,7425
20736,7424
20737,7425
20738,7424
20739,7425
20992,7424
20993,7425
20994,7424
20995,7425
21248,7424
21249,7425
21250,7424
21251,7425
2884864,7424
2884865,7425
2884866,7424
2884867,7425
2884608,7424
2884609,7425
2884610,7424
2884611,7425
2884096,7424
2884097,7425
2884098,7424
2884099,7425
2893824,7424
2893825,7425
2893826,7424
2893827,7425
2893568,7424
2893569,7425
2893570,7424
2893571,7425
2893312,7424
2893313,7425
2893314,7424
2893315,7425
2893056,7424
2893057,7425
2893058,7424
2893059,7425
2892800,7424
2892801,7425
2892802,7424
2892803,7425
2882048,7424
2882049,7425
2882050,7424
2882051,7425
3865088,7425
3865089,7424
3865090,7425
3865091,7424
4620800,7425
4620801,7424
4620802,7425
4620803,7424
4621056,7424
4621057,7425
4621058,7424
4621059,7425
4621312,7425
4621313,7424
4621314,7425
4621315,7424
4621568,7424
4621569,7425
4621570,7424
4621571,7425
4621824,7425
4621825,7424
4621826,7425
4621827,7424
4622080,7424
4622081,7425
4622082,7424
4622083,7425
16384,7424
16385,7425
16386,7424
16387,7425
16128,7425
16129,7424
16130,7425
16131,7424
2317056,8960
2317057,8961
2317058,8962
2317059,8963
3851520,11008
3851521,11008
3851522,11008
3851523,11008
3851776,11008
3851777,11008
3851778,11008
3851779,11008
3852032,11008
3852033,11008
3852034,11008
3852035,11008
