0,430
1,8
2,0
4,1
5,255,2873600
1,4
2,0
4,1
5,255,2873603
1,1
2,0
4,1
5,255,2873601
1,2
2,0
4,1
5,255,2873602
1,72
2,2
3,6,8960
3,3,8962
4,1
5,255,511744
1,72
2,2
3,3,8962
3,6,8960
4,1
5,255,511744
1,68
2,2
3,6,8962
3,2,8960
4,1
5,255,4609024
1,68
2,2
3,2,8960
3,6,8962
4,1
5,255,4609024
1,65
2,0
4,1
5,255,2873601
1,66
2,0
4,1
5,255,2873602
1,136
2,2
3,3,8961
3,7,8963
4,1
5,255,4609025
1,136
2,2
3,7,8963
3,3,8961
4,1
5,255,4609025
1,12
2,0
4,1
5,255,2867971
1,9
2,0
4,1
5,255,2867968
1,40
2,0
4,1
5,255,2873600
1,10
2,0
4,1
5,255,7425
1,24
2,0
4,1
5,255,2873600
1,132
2,0
4,1
5,255,2873603
1,129
2,2
3,7,8961
3,0,8963
4,1
5,255,511745
1,129
2,2
3,0,8963
3,7,8961
4,1
5,255,511745
1,130
2,0
4,1
5,255,2873602
1,5
2,0
4,1
5,255,7424
1,36
2,2
3,2,8961
3,5,8963
4,1
5,255,511747
1,36
2,2
3,5,8963
3,2,8961
4,1
5,255,511747
1,6
2,0
4,1
5,255,2867970
1,20
2,0
4,1
5,255,2873603
1,33
2,0
4,1
5,255,2873601
1,3
2,0
4,1
5,255,2867969
1,17
2,2
3,0,8962
3,4,8960
4,1
5,255,4609026
1,17
2,2
3,4,8960
3,0,8962
4,1
5,255,4609026
1,34
2,2
3,5,8961
3,1,8963
4,1
5,255,4609027
1,34
2,2
3,1,8963
3,5,8961
4,1
5,255,4609027
1,18
2,2
3,1,8960
3,4,8962
4,1
5,255,511746
1,18
2,2
3,4,8962
3,1,8960
4,1
5,255,511746
1,200
2,2
3,6,8960
3,3,8962
4,1
5,255,511744
1,200
2,2
3,3,8961
3,7,8963
4,1
5,255,4609025
1,200
2,2
3,3,8962
3,6,8960
4,1
5,255,511744
1,200
2,2
3,7,8963
3,3,8961
4,1
5,255,4609025
1,76
2,0
4,1
5,255,2867971
1,73
2,2
3,6,8960
3,3,8962
4,1
5,255,8960
1,73
2,2
3,3,8962
3,6,8960
4,1
5,255,8960
1,104
2,2
3,6,8960
3,3,8962
4,1
5,255,511744
1,104
2,2
3,3,8962
3,6,8960
4,1
5,255,511744
1,74
2,0
4,1
5,255,7425
1,88
2,2
3,6,8960
3,3,8962
4,1
5,255,511744
1,88
2,2
3,3,8962
3,6,8960
4,1
5,255,511744
1,196
2,2
3,6,8962
3,2,8960
4,1
5,255,4609024
1,196
2,2
3,2,8960
3,6,8962
4,1
5,255,4609024
1,193
2,2
3,7,8961
3,0,8963
4,1
5,255,511745
1,193
2,2
3,0,8963
3,7,8961
4,1
5,255,511745
1,194
2,0
4,1
5,255,2873602
1,69
2,0
4,1
5,255,7424
1,100
2,2
3,6,8962
3,2,8960
4,1
5,255,4609024
1,100
2,2
3,2,8960
3,6,8962
4,1
5,255,4609024
1,100
2,2
3,2,8961
3,5,8963
4,1
5,255,511747
1,100
2,2
3,5,8963
3,2,8961
4,1
5,255,511747
1,70
2,2
3,6,8962
3,2,8960
4,1
5,255,8962
1,70
2,2
3,2,8960
3,6,8962
4,1
5,255,8962
1,84
2,2
3,6,8962
3,2,8960
4,1
5,255,4609024
1,84
2,2
3,2,8960
3,6,8962
4,1
5,255,4609024
1,97
2,0
4,1
5,255,2873601
1,67
2,0
4,1
5,255,2867969
1,81
2,2
3,0,8962
3,4,8960
4,1
5,255,4609026
1,81
2,2
3,4,8960
3,0,8962
4,1
5,255,4609026
1,98
2,2
3,5,8961
3,1,8963
4,1
5,255,4609027
1,98
2,2
3,1,8963
3,5,8961
4,1
5,255,4609027
1,82
2,2
3,1,8960
3,4,8962
4,1
5,255,511746
1,82
2,2
3,4,8962
3,1,8960
4,1
5,255,511746
1,140
2,2
3,3,8961
3,7,8963
4,1
5,255,8963
1,140
2,2
3,7,8963
3,3,8961
4,1
5,255,8963
1,137
2,0
4,1
5,255,2867968
1,168
2,2
3,3,8961
3,7,8963
4,1
5,255,4609025
1,168
2,2
3,7,8963
3,3,8961
4,1
5,255,4609025
1,138
2,0
4,1
5,255,7425
1,152
2,2
3,3,8961
3,7,8963
4,1
5,255,4609025
1,152
2,2
3,7,8963
3,3,8961
4,1
5,255,4609025
1,13
2,2
3,2,7424
3,3,3875840
4,1
5,255,3851523
1,13
2,2
3,0,7424
3,3,3876096
4,1
5,255,3851779
1,13
2,3
3,2,7424
3,0,7424
3,3,7425
4,1
5,255,9987
1,13
2,3
3,0,7424
3,2,7424
3,3,7425
4,1
5,255,9987
1,44
2,2
3,2,8961
3,5,8963
4,1
5,255,8963
1,44
2,2
3,5,8963
3,2,8961
4,1
5,255,8963
1,14
2,2
3,3,7425
3,2,3875584
4,1
5,255,3851778
1,14
2,2
3,1,7425
3,2,3875328
4,1
5,255,3851522
1,14
2,3
3,3,7425
3,1,7425
3,2,7424
4,1
5,255,9986
1,14
2,3
3,1,7425
3,3,7425
3,2,7424
4,1
5,255,9986
1,28
2,0
4,1
5,255,2867971
1,41
2,0
4,1
5,255,2867968
1,11
2,2
3,3,7425
3,0,3875330
4,1
5,255,3851520
1,11
2,2
3,1,7425
3,0,3875586
4,1
5,255,3851776
1,11
2,3
3,3,7425
3,1,7425
3,0,7424
4,1
5,255,9984
1,11
2,3
3,1,7425
3,3,7425
3,0,7424
4,1
5,255,9984
1,25
2,2
3,0,8962
3,4,8960
4,1
5,255,8960
1,25
2,2
3,4,8960
3,0,8962
4,1
5,255,8960
1,42
2,0
4,1
5,255,7425
1,56
2,0
4,1
5,255,2873600
1,26
2,0
4,1
5,255,7425
1,133
2,0
4,1
5,255,7424
1,164
2,2
3,2,8961
3,5,8963
4,1
5,255,511747
1,164
2,2
3,5,8963
3,2,8961
4,1
5,255,511747
1,134
2,0
4,1
5,255,2867970
1,148
2,0
4,1
5,255,2873603
1,161
2,2
3,7,8961
3,0,8963
4,1
5,255,511745
1,161
2,2
3,0,8963
3,7,8961
4,1
5,255,511745
1,131
2,2
3,7,8961
3,0,8963
4,1
5,255,8961
1,131
2,2
3,0,8963
3,7,8961
4,1
5,255,8961
1,145
2,2
3,7,8961
3,0,8963
4,1
5,255,511745
1,145
2,2
3,0,8962
3,4,8960
4,1
5,255,4609026
1,145
2,2
3,0,8963
3,7,8961
4,1
5,255,511745
1,145
2,2
3,4,8960
3,0,8962
4,1
5,255,4609026
1,162
2,2
3,5,8961
3,1,8963
4,1
5,255,4609027
1,162
2,2
3,1,8963
3,5,8961
4,1
5,255,4609027
1,146
2,2
3,1,8960
3,4,8962
4,1
5,255,511746
1,146
2,2
3,4,8962
3,1,8960
4,1
5,255,511746
1,37
2,0
4,1
5,255,7424
1,7
2,2
3,2,7424
3,1,3876098
4,1
5,255,3851777
1,7
2,2
3,0,7424
3,1,3875842
4,1
5,255,3851521
1,7
2,3
3,2,7424
3,0,7424
3,1,7425
4,1
5,255,9985
1,7
2,3
3,0,7424
3,2,7424
3,1,7425
4,1
5,255,9985
1,21
2,0
4,1
5,255,7424
1,38
2,0
4,1
5,255,2867970
1,52
2,2
3,2,8961
3,5,8963
4,1
5,255,511747
1,52
2,2
3,5,8963
3,2,8961
4,1
5,255,511747
1,22
2,2
3,1,8960
3,4,8962
4,1
5,255,8962
1,22
2,2
3,4,8962
3,1,8960
4,1
5,255,8962
1,35
2,2
3,5,8961
3,1,8963
4,1
5,255,8961
1,35
2,2
3,1,8963
3,5,8961
4,1
5,255,8961
1,49
2,2
3,0,8962
3,4,8960
4,1
5,255,4609026
1,49
2,2
3,4,8960
3,0,8962
4,1
5,255,4609026
1,19
2,0
4,1
5,255,2867969
1,50
2,2
3,5,8961
3,1,8963
4,1
5,255,4609027
1,50
2,2
3,1,8960
3,4,8962
4,1
5,255,511746
1,50
2,2
3,1,8963
3,5,8961
4,1
5,255,4609027
1,50
2,2
3,4,8962
3,1,8960
4,1
5,255,511746
1,232
2,2
3,6,8960
3,3,8962
4,1
5,255,511744
1,232
2,2
3,3,8961
3,7,8963
4,1
5,255,4609025
1,232
2,2
3,3,8962
3,6,8960
4,1
5,255,511744
1,232
2,2
3,7,8963
3,3,8961
4,1
5,255,4609025
1,202
2,0
4,1
5,255,7425
1,216
2,2
3,6,8960
3,3,8962
4,1
5,255,511744
1,216
2,2
3,3,8961
3,7,8963
4,1
5,255,4609025
1,216
2,2
3,3,8962
3,6,8960
4,1
5,255,511744
1,216
2,2
3,7,8963
3,3,8961
4,1
5,255,4609025
1,77
2,2
3,3,2870528
3,0,7424
4,1
5,255,2870016
1,78
2,2
3,2,3591680
3,1,7425
4,1
5,255,2870784
1,105
2,2
3,6,8960
3,3,8962
4,1
5,255,8960
1,105
2,2
3,3,8962
3,6,8960
4,1
5,255,8960
1,89
2,0
4,1
5,255,8960
1,120
2,2
3,6,8960
3,3,8962
4,1
5,255,511744
1,120
2,2
3,3,8962
3,6,8960
4,1
5,255,511744
1,228
2,2
3,6,8962
3,2,8960
4,1
5,255,4609024
1,228
2,2
3,2,8960
3,6,8962
4,1
5,255,4609024
1,228
2,2
3,2,8961
3,5,8963
4,1
5,255,511747
1,228
2,2
3,5,8963
3,2,8961
4,1
5,255,511747
1,198
2,2
3,6,8962
3,2,8960
4,1
5,255,8962
1,198
2,2
3,2,8960
3,6,8962
4,1
5,255,8962
1,212
2,2
3,6,8962
3,2,8960
4,1
5,255,4609024
1,212
2,2
3,2,8960
3,6,8962
4,1
5,255,4609024
1,225
2,2
3,7,8961
3,0,8963
4,1
5,255,511745
1,225
2,2
3,0,8963
3,7,8961
4,1
5,255,511745
1,195
2,2
3,7,8961
3,0,8963
4,1
5,255,8961
1,195
2,2
3,0,8963
3,7,8961
4,1
5,255,8961
1,209
2,2
3,7,8961
3,0,8963
4,1
5,255,511745
1,209
2,2
3,0,8962
3,4,8960
4,1
5,255,4609026
1,209
2,2
3,0,8963
3,7,8961
4,1
5,255,511745
1,209
2,2
3,4,8960
3,0,8962
4,1
5,255,4609026
1,226
2,2
3,5,8961
3,1,8963
4,1
5,255,4609027
1,226
2,2
3,1,8963
3,5,8961
4,1
5,255,4609027
1,210
2,2
3,1,8960
3,4,8962
4,1
5,255,511746
1,210
2,2
3,4,8962
3,1,8960
4,1
5,255,511746
1,101
2,0
4,1
5,255,7424
1,116
2,2
3,6,8962
3,2,8960
4,1
5,255,4609024
1,116
2,2
3,2,8960
3,6,8962
4,1
5,255,4609024
1,116
2,2
3,2,8961
3,5,8963
4,1
5,255,511747
1,116
2,2
3,5,8963
3,2,8961
4,1
5,255,511747
1,86
2,0
4,1
5,255,8962
1,99
2,2
3,5,8961
3,1,8963
4,1
5,255,8961
1,99
2,2
3,1,8963
3,5,8961
4,1
5,255,8961
1,113
2,2
3,0,8962
3,4,8960
4,1
5,255,4609026
1,113
2,2
3,4,8960
3,0,8962
4,1
5,255,4609026
1,114
2,2
3,5,8961
3,1,8963
4,1
5,255,4609027
1,114
2,2
3,1,8960
3,4,8962
4,1
5,255,511746
1,114
2,2
3,1,8963
3,5,8961
4,1
5,255,4609027
1,114
2,2
3,4,8962
3,1,8960
4,1
5,255,511746
1,141
2,2
3,3,3591681
3,2,7424
4,1
5,255,2870785
1,172
2,0
4,1
5,255,8963
1,156
2,2
3,3,8961
3,7,8963
4,1
5,255,8963
1,156
2,2
3,7,8963
3,3,8961
4,1
5,255,8963
1,139
2,2
3,0,2870529
3,1,7425
4,1
5,255,2870017
1,184
2,2
3,3,8961
3,7,8963
4,1
5,255,4609025
1,184
2,2
3,7,8963
3,3,8961
4,1
5,255,4609025
1,15
2,3
3,3,3875840
3,2,7424
3,1,3876098
4,1
5,255,3852035
1,15
2,3
3,3,3876096
3,0,7424
3,1,3875842
4,1
5,255,3852033
1,15
2,3
3,2,3875328
3,1,7425
3,0,3875586
4,1
5,255,3852034
1,15
2,3
3,2,3875584
3,3,7425
3,0,3875330
4,1
5,255,3852032
1,15
2,3
3,0,3875330
3,3,7425
3,2,3875584
4,1
5,255,3852032
1,15
2,3
3,0,3875586
3,1,7425
3,2,3875328
4,1
5,255,3852034
1,15
2,3
3,1,3875842
3,0,7424
3,3,3876096
4,1
5,255,3852033
1,15
2,3
3,1,3876098
3,2,7424
3,3,3875840
4,1
5,255,3852035
1,15
2,4
3,3,7425
3,2,7424
3,0,7424
3,1,7425
4,1
5,255,11008
1,15
2,4
3,3,7425
3,0,7424
3,2,7424
3,1,7425
4,1
5,255,11008
1,15
2,4
3,2,7424
3,3,7425
3,1,7425
3,0,7424
4,1
5,255,11008
1,15
2,4
3,2,7424
3,1,7425
3,3,7425
3,0,7424
4,1
5,255,11008
1,15
2,4
3,0,7424
3,3,7425
3,1,7425
3,2,7424
4,1
5,255,11008
1,15
2,4
3,0,7424
3,1,7425
3,3,7425
3,2,7424
4,1
5,255,11008
1,15
2,4
3,1,7425
3,2,7424
3,0,7424
3,3,7425
4,1
5,255,11008
1,15
2,4
3,1,7425
3,0,7424
3,2,7424
3,3,7425
4,1
5,255,11008
1,46
2,2
3,2,2870531
3,3,7425
4,1
5,255,2870019
1,60
2,2
3,2,8961
3,5,8963
4,1
5,255,8963
1,60
2,2
3,5,8963
3,2,8961
4,1
5,255,8963
1,57
2,2
3,0,8962
3,4,8960
4,1
5,255,8960
1,57
2,2
3,4,8960
3,0,8962
4,1
5,255,8960
1,27
2,2
3,0,3591682
3,3,7425
4,1
5,255,2870786
1,58
2,0
4,1
5,255,7425
1,149
2,0
4,1
5,255,7424
1,180
2,2
3,2,8961
3,5,8963
4,1
5,255,511747
1,180
2,2
3,5,8963
3,2,8961
4,1
5,255,511747
1,150
2,2
3,1,8960
3,4,8962
4,1
5,255,8962
1,150
2,2
3,4,8962
3,1,8960
4,1
5,255,8962
1,163
2,0
4,1
5,255,8961
1,177
2,2
3,7,8961
3,0,8963
4,1
5,255,511745
1,177
2,2
3,0,8962
3,4,8960
4,1
5,255,4609026
1,177
2,2
3,0,8963
3,7,8961
4,1
5,255,511745
1,177
2,2
3,4,8960
3,0,8962
4,1
5,255,4609026
1,178
2,2
3,5,8961
3,1,8963
4,1
5,255,4609027
1,178
2,2
3,1,8960
3,4,8962
4,1
5,255,511746
1,178
2,2
3,1,8963
3,5,8961
4,1
5,255,4609027
1,178
2,2
3,4,8962
3,1,8960
4,1
5,255,511746
1,39
2,2
3,1,3591683
3,0,7424
4,1
5,255,2870787
1,23
2,2
3,1,2870530
3,2,7424
4,1
5,255,2870018
1,205
2,0
4,1
5,255,2868226
1,236
2,1
3,3,3591682
4,1
5,255,8963
1,236
2,1
3,2,2870530
4,1
5,255,8963
1,236
2,2
3,3,2869248
3,2,8961
4,1
5,255,2868992
1,236
2,2
3,3,3591682
3,2,3591938
4,1
5,255,8963
1,236
2,2
3,2,2869762
3,3,8961
4,1
5,255,2869506
1,236
2,2
3,2,2870530
3,3,2870274
4,1
5,255,8963
1,206
2,2
3,2,3591680
3,1,7425
4,1
5,255,2870784
1,203
2,2
3,0,2870529
3,1,7425
4,1
5,255,2870017
1,217
2,1
3,3,2870531
4,1
5,255,8960
1,217
2,1
3,0,3591683
4,1
5,255,8960
1,217
2,2
3,3,2869763
3,0,8962
4,1
5,255,2869507
1,217
2,2
3,3,2870531
3,0,2870275
4,1
5,255,8960
1,217
2,2
3,0,2869249
3,3,8962
4,1
5,255,2868993
1,217
2,2
3,0,3591683
3,3,3591939
4,1
5,255,8960
1,248
2,2
3,6,8960
3,3,8962
4,1
5,255,511744
1,248
2,2
3,3,8961
3,7,8963
4,1
5,255,4609025
1,248
2,2
3,3,8962
3,6,8960
4,1
5,255,511744
1,248
2,2
3,7,8963
3,3,8961
4,1
5,255,4609025
1,109
2,2
3,3,2870528
3,0,7424
4,1
5,255,2870016
1,79
2,3
3,3,3876096
3,0,7424
3,1,3875842
4,1
5,255,3852033
1,79
2,3
3,2,3875328
3,1,7425
3,0,3875586
4,1
5,255,3852034
1,79
2,3
3,0,3875586
3,1,7425
3,2,3875328
4,1
5,255,3852034
1,79
2,3
3,1,3875842
3,0,7424
3,3,3876096
4,1
5,255,3852033
1,93
2,2
3,6,2869251
3,0,8962
4,1
5,255,8960
1,93
2,2
3,6,3591681
3,2,2870785
4,1
5,255,3591937
1,93
2,2
3,3,2869760
3,2,8963
4,1
5,255,8960
1,93
2,3
3,6,3591681
3,2,2870785
3,0,8962
4,1
5,255,3591937
1,93
2,4
3,4,8960
3,0,8962
3,3,2869249
3,6,2869762
4,1
5,255,8960
1,110
2,0
4,1
5,255,2868225
1,94
2,2
3,6,2869763
3,1,8960
4,1
5,255,8962
1,94
2,2
3,6,2870531
3,3,2870019
4,1
5,255,2870275
1,94
2,2
3,2,2869250
3,3,8963
4,1
5,255,8962
1,94
2,3
3,6,2870531
3,3,2870019
3,1,8960
4,1
5,255,2870275
1,94
2,4
3,4,8962
3,1,8960
3,2,2869761
3,6,2869248
4,1
5,255,8962
1,121
2,0
4,1
5,255,8960
1,91
2,2
3,0,2869248
3,1,8961
4,1
5,255,8960
1,91
2,2
3,4,2869761
3,3,8962
4,1
5,255,8960
1,91
2,2
3,4,2870529
3,1,2870017
4,1
5,255,2870273
1,91
2,3
3,4,2870529
3,1,2870017
3,3,8962
4,1
5,255,2870273
1,91
2,4
3,6,8960
3,3,8962
3,0,2869763
3,4,2869250
4,1
5,255,8960
1,244
2,2
3,6,8962
3,2,8960
4,1
5,255,4609024
1,244
2,2
3,2,8960
3,6,8962
4,1
5,255,4609024
1,244
2,2
3,2,8961
3,5,8963
4,1
5,255,511747
1,244
2,2
3,5,8963
3,2,8961
4,1
5,255,511747
1,214
2,0
4,1
5,255,8962
1,227
2,0
4,1
5,255,8961
1,241
2,2
3,7,8961
3,0,8963
4,1
5,255,511745
1,241
2,2
3,0,8962
3,4,8960
4,1
5,255,4609026
1,241
2,2
3,0,8963
3,7,8961
4,1
5,255,511745
1,241
2,2
3,4,8960
3,0,8962
4,1
5,255,4609026
1,242
2,2
3,5,8961
3,1,8963
4,1
5,255,4609027
1,242
2,2
3,1,8960
3,4,8962
4,1
5,255,511746
1,242
2,2
3,1,8963
3,5,8961
4,1
5,255,4609027
1,242
2,2
3,4,8962
3,1,8960
4,1
5,255,511746
1,103
2,2
3,1,3591683
3,0,7424
4,1
5,255,2870787
1,87
2,2
3,1,2869762
3,0,8961
4,1
5,255,8962
1,87
2,2
3,4,2869249
3,2,8960
4,1
5,255,8962
1,87
2,2
3,4,3591683
3,0,2870787
4,1
5,255,3591939
1,87
2,3
3,4,3591683
3,0,2870787
3,2,8960
4,1
5,255,3591939
1,87
2,4
3,6,8962
3,2,8960
3,1,2869251
3,4,2869760
4,1
5,255,8962
1,118
2,1
3,2,3591681
4,1
5,255,8962
1,118
2,1
3,1,2870529
4,1
5,255,8962
1,118
2,2
3,2,2869251
3,1,8960
4,1
5,255,2868995
1,118
2,2
3,2,3591681
3,1,3591937
4,1
5,255,8962
1,118
2,2
3,1,2869761
3,2,8960
4,1
5,255,2869505
1,118
2,2
3,1,2870529
3,2,2870273
4,1
5,255,8962
1,173
2,2
3,3,2869251
3,0,8960
4,1
5,255,8963
1,173
2,2
3,7,2869760
3,2,8961
4,1
5,255,8963
1,173
2,2
3,7,2870528
3,0,2870016
4,1
5,255,2870272
1,173
2,3
3,7,2870528
3,0,2870016
3,2,8961
4,1
5,255,2870272
1,173
2,4
3,5,8963
3,2,8961
3,3,2869762
3,7,2869249
4,1
5,255,8963
1,143
2,3
3,3,3875840
3,2,7424
3,1,3876098
4,1
5,255,3852035
1,143
2,3
3,2,3875328
3,1,7425
3,0,3875586
4,1
5,255,3852034
1,143
2,3
3,0,3875586
3,1,7425
3,2,3875328
4,1
5,255,3852034
1,143
2,3
3,1,3876098
3,2,7424
3,3,3875840
4,1
5,255,3852035
1,157
2,2
3,3,3591681
3,2,7424
4,1
5,255,2870785
1,174
2,2
3,2,2869763
3,1,8962
4,1
5,255,8963
1,174
2,2
3,5,2869250
3,3,8961
4,1
5,255,8963
1,174
2,2
3,5,3591680
3,1,2870784
4,1
5,255,3591936
1,174
2,3
3,5,3591680
3,1,2870784
3,3,8961
4,1
5,255,3591936
1,174
2,4
3,7,8963
3,3,8961
3,2,2869248
3,5,2869761
4,1
5,255,8963
1,188
2,0
4,1
5,255,8963
1,171
2,2
3,7,2869248
3,1,8963
4,1
5,255,8961
1,171
2,2
3,7,3591682
3,3,2870786
4,1
5,255,3591938
1,171
2,2
3,0,2869761
3,3,8960
4,1
5,255,8961
1,171
2,3
3,7,3591682
3,3,2870786
3,1,8963
4,1
5,255,3591938
1,171
2,4
3,5,8961
3,1,8963
3,0,2869250
3,7,2869763
4,1
5,255,8961
1,155
2,0
4,1
5,255,2868227
1,47
2,3
3,3,3876096
3,0,7424
3,1,3875842
4,1
5,255,3852033
1,47
2,3
3,2,3875584
3,3,7425
3,0,3875330
4,1
5,255,3852032
1,47
2,3
3,0,3875330
3,3,7425
3,2,3875584
4,1
5,255,3852032
1,47
2,3
3,1,3875842
3,0,7424
3,3,3876096
4,1
5,255,3852033
1,31
2,3
3,3,3875840
3,2,7424
3,1,3876098
4,1
5,255,3852035
1,31
2,3
3,2,3875584
3,3,7425
3,0,3875330
4,1
5,255,3852032
1,31
2,3
3,0,3875330
3,3,7425
3,2,3875584
4,1
5,255,3852032
1,31
2,3
3,1,3876098
3,2,7424
3,3,3875840
4,1
5,255,3852035
1,62
2,2
3,2,2870531
3,3,7425
4,1
5,255,2870019
1,59
2,2
3,0,3591682
3,3,7425
4,1
5,255,2870786
1,167
2,2
3,5,2869762
3,0,8963
4,1
5,255,8961
1,167
2,2
3,5,2870530
3,2,2870018
4,1
5,255,2870274
1,167
2,2
3,1,2869249
3,2,8962
4,1
5,255,8961
1,167
2,3
3,5,2870530
3,2,2870018
3,0,8963
4,1
5,255,2870274
1,167
2,4
3,7,8961
3,0,8963
3,1,2869760
3,5,2869251
4,1
5,255,8961
1,151
2,2
3,1,2870530
3,2,7424
4,1
5,255,2870018
1,179
2,1
3,0,2870528
4,1
5,255,8961
1,179
2,1
3,1,3591680
4,1
5,255,8961
1,179
2,2
3,0,2869760
3,1,8963
4,1
5,255,2869504
1,179
2,2
3,0,2870528
3,1,2870272
4,1
5,255,8961
1,179
2,2
3,1,2869250
3,0,8963
4,1
5,255,2868994
1,179
2,2
3,1,3591680
3,0,3591936
4,1
5,255,8961
1,55
2,0
4,1
5,255,2868224
1,237
2,1
3,3,7424
4,1
5,255,2868226
1,207
2,3
3,2,3875328
3,1,7425
3,0,3875586
4,1
5,255,3852034
1,207
2,3
3,0,3875586
3,1,7425
3,2,3875328
4,1
5,255,3852034
1,221
2,1
3,3,7424
4,1
5,255,2868226
1,238
2,1
3,2,7425
4,1
5,255,2868225
1,252
2,2
3,3,2869248
3,2,8961
4,1
5,255,2868992
1,252
2,2
3,2,2869762
3,3,8961
4,1
5,255,2869506
1,222
2,2
3,6,2869763
3,1,8960
4,1
5,255,8962
1,222
2,2
3,7,8963
3,4,8962
4,1
5,255,2869249
1,222
2,2
3,2,2869250
3,3,8963
4,1
5,255,8962
1,222
2,2
3,1,8960
3,7,7424
4,1
5,255,3591683
1,235
2,2
3,6,8960
3,5,8961
4,1
5,255,2869762
1,235
2,2
3,7,2869248
3,1,8963
4,1
5,255,8961
1,235
2,2
3,0,2869761
3,3,8960
4,1
5,255,8961
1,235
2,2
3,1,8963
3,6,7424
4,1
5,255,2870530
1,249
2,2
3,3,2869763
3,0,8962
4,1
5,255,2869507
1,249
2,2
3,0,2869249
3,3,8962
4,1
5,255,2868993
1,219
2,1
3,0,7425
4,1
5,255,2868227
1,111
2,3
3,3,3876096
3,0,7424
3,1,3875842
4,1
5,255,3852033
1,111
2,3
3,1,3875842
3,0,7424
3,3,3876096
4,1
5,255,3852033
1,125
2,2
3,6,2869251
3,0,8962
4,1
5,255,8960
1,125
2,2
3,3,2869760
3,2,8963
4,1
5,255,8960
1,125
2,2
3,0,8962
3,5,7425
4,1
5,255,2870529
1,125
2,2
3,5,8963
3,4,8960
4,1
5,255,2869761
1,95
2,6
3,3,8962
3,6,3591681
3,0,8962
3,2,2870785
3,4,2870529
3,1,2870017
4,1
5,255,11008
1,95
2,6
3,2,8960
3,6,2870531
3,1,8960
3,3,2870019
3,4,3591683
3,0,2870787
4,1
5,255,11008
1,95
2,6
3,0,8962
3,4,2870529
3,3,8962
3,1,2870017
3,6,3591681
3,2,2870785
4,1
5,255,11008
1,95
2,6
3,1,8960
3,4,3591683
3,2,8960
3,0,2870787
3,6,2870531
3,3,2870019
4,1
5,255,11008
1,126
2,1
3,2,7425
4,1
5,255,2868225
1,123
2,2
3,3,8962
3,5,7424
4,1
5,255,3591681
1,123
2,2
3,0,2869248
3,1,8961
4,1
5,255,8960
1,123
2,2
3,5,8961
3,6,8960
4,1
5,255,2869251
1,123
2,2
3,4,2869761
3,3,8962
4,1
5,255,8960
1,231
2,2
3,6,8962
3,7,8961
4,1
5,255,2869248
1,231
2,2
3,0,8963
3,6,7425
4,1
5,255,3591682
1,231
2,2
3,5,2869762
3,0,8963
4,1
5,255,8961
1,231
2,2
3,1,2869249
3,2,8962
4,1
5,255,8961
1,215
2,2
3,7,8961
3,6,8962
4,1
5,255,2869763
1,215
2,2
3,2,8960
3,7,7425
4,1
5,255,2870531
1,215
2,2
3,1,2869762
3,0,8961
4,1
5,255,8962
1,215
2,2
3,4,2869249
3,2,8960
4,1
5,255,8962
1,246
2,2
3,2,2869251
3,1,8960
4,1
5,255,2868995
1,246
2,2
3,1,2869761
3,2,8960
4,1
5,255,2869505
1,243
2,2
3,0,2869760
3,1,8963
4,1
5,255,2869504
1,243
2,2
3,1,2869250
3,0,8963
4,1
5,255,2868994
1,119
2,1
3,1,7424
4,1
5,255,2868224
1,175
2,6
3,3,8961
3,7,2870528
3,2,8961
3,0,2870016
3,5,3591680
3,1,2870784
4,1
5,255,11008
1,175
2,6
3,2,8961
3,5,3591680
3,3,8961
3,1,2870784
3,7,2870528
3,0,2870016
4,1
5,255,11008
1,175
2,6
3,0,8963
3,7,3591682
3,1,8963
3,3,2870786
3,5,2870530
3,2,2870018
4,1
5,255,11008
1,175
2,6
3,1,8963
3,5,2870530
3,0,8963
3,2,2870018
3,7,3591682
3,3,2870786
4,1
5,255,11008
1,189
2,2
3,3,2869251
3,0,8960
4,1
5,255,8963
1,189
2,2
3,7,2869760
3,2,8961
4,1
5,255,8963
1,189
2,2
3,2,8961
3,4,7425
4,1
5,255,3591680
1,189
2,2
3,4,8960
3,5,8963
4,1
5,255,2869250
1,159
2,3
3,3,3875840
3,2,7424
3,1,3876098
4,1
5,255,3852035
1,159
2,3
3,1,3876098
3,2,7424
3,3,3875840
4,1
5,255,3852035
1,190
2,2
3,3,8961
3,4,7424
4,1
5,255,2870528
1,190
2,2
3,2,2869763
3,1,8962
4,1
5,255,8963
1,190
2,2
3,5,2869250
3,3,8961
4,1
5,255,8963
1,190
2,2
3,4,8962
3,7,8963
4,1
5,255,2869760
1,187
2,1
3,0,7425
4,1
5,255,2868227
1,63
2,3
3,2,3875584
3,3,7425
3,0,3875330
4,1
5,255,3852032
1,63
2,3
3,0,3875330
3,3,7425
3,2,3875584
4,1
5,255,3852032
1,183
2,1
3,1,7424
4,1
5,255,2868224
1,239
2,2
3,0,7424
3,1,7425
4,1
5,255,2867969
1,239
2,2
3,1,7425
3,0,7424
4,1
5,255,2867969
1,253
2,1
3,3,7424
4,1
5,255,2868226
1,253
2,2
3,5,8963
3,4,8960
4,1
5,255,2869761
1,253
2,2
3,4,8960
3,5,8963
4,1
5,255,2869250
1,223
2,2
3,2,7424
3,1,7425
4,1
5,255,2867970
1,223
2,2
3,1,7425
3,2,7424
4,1
5,255,2867970
1,254
2,1
3,2,7425
4,1
5,255,2868225
1,254
2,2
3,7,8963
3,4,8962
4,1
5,255,2869249
1,254
2,2
3,4,8962
3,7,8963
4,1
5,255,2869760
1,251
2,1
3,0,7425
4,1
5,255,2868227
1,251
2,2
3,6,8960
3,5,8961
4,1
5,255,2869762
1,251
2,2
3,5,8961
3,6,8960
4,1
5,255,2869251
1,127
2,2
3,3,7425
3,0,7424
4,1
5,255,2867968
1,127
2,2
3,0,7424
3,3,7425
4,1
5,255,2867968
1,247
2,1
3,1,7424
4,1
5,255,2868224
1,247
2,2
3,6,8962
3,7,8961
4,1
5,255,2869248
1,247
2,2
3,7,8961
3,6,8962
4,1
5,255,2869763
1,191
2,2
3,3,7425
3,2,7424
4,1
5,255,2867971
1,191
2,2
3,2,7424
3,3,7425
4,1
5,255,2867971
1,255
2,2
3,3,7424
3,1,7424
4,1
5,255,7424
1,255
2,2
3,2,7425
3,0,7425
4,1
5,255,7425
1,255
2,2
3,0,7425
3,2,7425
4,1
5,255,7425
1,255
2,2
3,1,7424
3,3,7424
4,1
5,255,7424
