0,97
1,256
2,3
3,2,2972416
3,255,2972416
3,0,4105986
4,1
5,255,4099072
1,256
2,3
3,2,4099072
3,255,2972416
3,0,4099072
4,1
5,255,4099072
1,256
2,3
3,2,4099072
3,255,2972416
3,0,4105986
4,1
5,255,4099072
1,256
2,3
3,2,4105984
3,255,2972416
3,0,2972416
4,1
5,255,4099072
1,256
2,3
3,2,4105984
3,255,2972416
3,0,4099072
4,1
5,255,4099072
1,256
2,3
3,3,2972672
3,255,2972672
3,1,4105474
4,1
5,255,4099328
1,256
2,3
3,3,4099328
3,255,2972672
3,1,4099328
4,1
5,255,4099328
1,256
2,3
3,3,4099328
3,255,2972672
3,1,4105474
4,1
5,255,4099328
1,256
2,3
3,3,4105472
3,255,2972672
3,1,2972672
4,1
5,255,4099328
1,256
2,3
3,3,4105472
3,255,2972672
3,1,4099328
4,1
5,255,4099328
1,256
2,4
3,16,0
3,2,2972416
3,255,2972416
3,0,4099072
4,1
5,255,4105984
1,256
2,4
3,16,1
3,2,2972416
3,255,2972416
3,0,4099072
4,1
5,255,4105984
1,256
2,4
3,16,84224
3,2,2972416
3,255,2972416
3,0,4099072
4,1
5,255,4105984
1,256
2,4
3,16,84992
3,2,2972416
3,255,2972416
3,0,4099072
4,1
5,255,4105984
1,256
2,4
3,16,84994
3,2,2972416
3,255,2972416
3,0,4099072
4,1
5,255,4105984
1,256
2,4
3,16,85248
3,2,2972416
3,255,2972416
3,0,4099072
4,1
5,255,4105984
1,256
2,4
3,16,2970880
3,2,2972416
3,255,2972416
3,0,4099072
4,1
5,255,4105984
1,256
2,4
3,16,2972416
3,2,2972416
3,255,2972416
3,0,4099072
4,1
5,255,4099072
1,256
2,4
3,16,2972928
3,2,2972416
3,255,2972416
3,0,4099072
4,1
5,255,4105984
1,256
2,4
3,16,2973184
3,2,2972416
3,255,2972416
3,0,4099072
4,1
5,255,4105984
1,256
2,4
3,16,2973186
3,2,2972416
3,255,2972416
3,0,4099072
4,1
5,255,4105984
1,256
2,4
3,16,2973696
3,2,2972416
3,255,2972416
3,0,4099072
4,1
5,255,4105984
1,256
2,4
3,16,2973698
3,2,2972416
3,255,2972416
3,0,4099072
4,1
5,255,4105984
1,256
2,4
3,16,2974976
3,2,2972416
3,255,2972416
3,0,4099072
4,1
5,255,4105984
1,256
2,4
3,16,2975232
3,2,2972416
3,255,2972416
3,0,4099072
4,1
5,255,4105984
1,256
2,4
3,16,2983168
3,2,2972416
3,255,2972416
3,0,4099072
4,1
5,255,4105984
1,256
2,4
3,16,2983170
3,2,2972416
3,255,2972416
3,0,4099072
4,1
5,255,4105984
1,256
2,4
3,16,4099072
3,2,2972416
3,255,2972416
3,0,4099072
4,1
5,255,4099072
1,256
2,4
3,16,4611584
3,2,2972416
3,255,2972416
3,0,4099072
4,1
5,255,4105984
1,256
2,4
3,16,4613376
3,2,2972416
3,255,2972416
3,0,4099072
4,1
5,255,4105984
1,256
2,4
3,16,4613378
3,2,2972416
3,255,2972416
3,0,4099072
4,1
5,255,4105984
1,256
2,4
3,2,4099072
3,255,2972416
3,0,2972416
3,8,0
4,1
5,255,4105986
1,256
2,4
3,2,4099072
3,255,2972416
3,0,2972416
3,8,1
4,1
5,255,4105986
1,256
2,4
3,2,4099072
3,255,2972416
3,0,2972416
3,8,84226
4,1
5,255,4105986
1,256
2,4
3,2,4099072
3,255,2972416
3,0,2972416
3,8,84992
4,1
5,255,4105986
1,256
2,4
3,2,4099072
3,255,2972416
3,0,2972416
3,8,84994
4,1
5,255,4105986
1,256
2,4
3,2,4099072
3,255,2972416
3,0,2972416
3,8,85248
4,1
5,255,4105986
1,256
2,4
3,2,4099072
3,255,2972416
3,0,2972416
3,8,2970882
4,1
5,255,4105986
1,256
2,4
3,2,4099072
3,255,2972416
3,0,2972416
3,8,2972416
4,1
5,255,4099072
1,256
2,4
3,2,4099072
3,255,2972416
3,0,2972416
3,8,2972930
4,1
5,255,4105986
1,256
2,4
3,2,4099072
3,255,2972416
3,0,2972416
3,8,2973184
4,1
5,255,4105986
1,256
2,4
3,2,4099072
3,255,2972416
3,0,2972416
3,8,2973186
4,1
5,255,4105986
1,256
2,4
3,2,4099072
3,255,2972416
3,0,2972416
3,8,2973696
4,1
5,255,4105986
1,256
2,4
3,2,4099072
3,255,2972416
3,0,2972416
3,8,2973698
4,1
5,255,4105986
1,256
2,4
3,2,4099072
3,255,2972416
3,0,2972416
3,8,2974978
4,1
5,255,4105986
1,256
2,4
3,2,4099072
3,255,2972416
3,0,2972416
3,8,2975234
4,1
5,255,4105986
1,256
2,4
3,2,4099072
3,255,2972416
3,0,2972416
3,8,2983168
4,1
5,255,4105986
1,256
2,4
3,2,4099072
3,255,2972416
3,0,2972416
3,8,2983170
4,1
5,255,4105986
1,256
2,4
3,2,4099072
3,255,2972416
3,0,2972416
3,8,4099072
4,1
5,255,4099072
1,256
2,4
3,2,4099072
3,255,2972416
3,0,2972416
3,8,4611586
4,1
5,255,4105986
1,256
2,4
3,2,4099072
3,255,2972416
3,0,2972416
3,8,4613376
4,1
5,255,4105986
1,256
2,4
3,2,4099072
3,255,2972416
3,0,2972416
3,8,4613378
4,1
5,255,4105986
1,256
2,4
3,20,0
3,3,2972672
3,255,2972672
3,1,4099328
4,1
5,255,4105472
1,256
2,4
3,20,1
3,3,2972672
3,255,2972672
3,1,4099328
4,1
5,255,4105472
1,256
2,4
3,20,84224
3,3,2972672
3,255,2972672
3,1,4099328
4,1
5,255,4105472
1,256
2,4
3,20,84226
3,3,2972672
3,255,2972672
3,1,4099328
4,1
5,255,4105472
1,256
2,4
3,20,84992
3,3,2972672
3,255,2972672
3,1,4099328
4,1
5,255,4105472
1,256
2,4
3,20,85248
3,3,2972672
3,255,2972672
3,1,4099328
4,1
5,255,4105472
1,256
2,4
3,20,2970882
3,3,2972672
3,255,2972672
3,1,4099328
4,1
5,255,4105472
1,256
2,4
3,20,2972672
3,3,2972672
3,255,2972672
3,1,4099328
4,1
5,255,4099328
1,256
2,4
3,20,2972928
3,3,2972672
3,255,2972672
3,1,4099328
4,1
5,255,4105472
1,256
2,4
3,20,2973440
3,3,2972672
3,255,2972672
3,1,4099328
4,1
5,255,4105472
1,256
2,4
3,20,2973442
3,3,2972672
3,255,2972672
3,1,4099328
4,1
5,255,4105472
1,256
2,4
3,20,2973952
3,3,2972672
3,255,2972672
3,1,4099328
4,1
5,255,4105472
1,256
2,4
3,20,2973954
3,3,2972672
3,255,2972672
3,1,4099328
4,1
5,255,4105472
1,256
2,4
3,20,2974978
3,3,2972672
3,255,2972672
3,1,4099328
4,1
5,255,4105472
1,256
2,4
3,20,2975232
3,3,2972672
3,255,2972672
3,1,4099328
4,1
5,255,4105472
1,256
2,4
3,20,2983424
3,3,2972672
3,255,2972672
3,1,4099328
4,1
5,255,4105472
1,256
2,4
3,20,2983426
3,3,2972672
3,255,2972672
3,1,4099328
4,1
5,255,4105472
1,256
2,4
3,20,4099328
3,3,2972672
3,255,2972672
3,1,4099328
4,1
5,255,4099328
1,256
2,4
3,20,4610562
3,3,2972672
3,255,2972672
3,1,4099328
4,1
5,255,4105472
1,256
2,4
3,20,4613120
3,3,2972672
3,255,2972672
3,1,4099328
4,1
5,255,4105472
1,256
2,4
3,20,4613122
3,3,2972672
3,255,2972672
3,1,4099328
4,1
5,255,4105472
1,256
2,4
3,3,4099328
3,255,2972672
3,1,2972672
3,12,0
4,1
5,255,4105474
1,256
2,4
3,3,4099328
3,255,2972672
3,1,2972672
3,12,1
4,1
5,255,4105474
1,256
2,4
3,3,4099328
3,255,2972672
3,1,2972672
3,12,84224
4,1
5,255,4105474
1,256
2,4
3,3,4099328
3,255,2972672
3,1,2972672
3,12,84226
4,1
5,255,4105474
1,256
2,4
3,3,4099328
3,255,2972672
3,1,2972672
3,12,84994
4,1
5,255,4105474
1,256
2,4
3,3,4099328
3,255,2972672
3,1,2972672
3,12,85248
4,1
5,255,4105474
1,256
2,4
3,3,4099328
3,255,2972672
3,1,2972672
3,12,2970880
4,1
5,255,4105474
1,256
2,4
3,3,4099328
3,255,2972672
3,1,2972672
3,12,2972672
4,1
5,255,4099328
1,256
2,4
3,3,4099328
3,255,2972672
3,1,2972672
3,12,2972930
4,1
5,255,4105474
1,256
2,4
3,3,4099328
3,255,2972672
3,1,2972672
3,12,2973440
4,1
5,255,4105474
1,256
2,4
3,3,4099328
3,255,2972672
3,1,2972672
3,12,2973442
4,1
5,255,4105474
1,256
2,4
3,3,4099328
3,255,2972672
3,1,2972672
3,12,2973952
4,1
5,255,4105474
1,256
2,4
3,3,4099328
3,255,2972672
3,1,2972672
3,12,2973954
4,1
5,255,4105474
1,256
2,4
3,3,4099328
3,255,2972672
3,1,2972672
3,12,2974976
4,1
5,255,4105474
1,256
2,4
3,3,4099328
3,255,2972672
3,1,2972672
3,12,2975234
4,1
5,255,4105474
1,256
2,4
3,3,4099328
3,255,2972672
3,1,2972672
3,12,2983424
4,1
5,255,4105474
1,256
2,4
3,3,4099328
3,255,2972672
3,1,2972672
3,12,2983426
4,1
5,255,4105474
1,256
2,4
3,3,4099328
3,255,2972672
3,1,2972672
3,12,4099328
4,1
5,255,4099328
1,256
2,4
3,3,4099328
3,255,2972672
3,1,2972672
3,12,4610560
4,1
5,255,4105474
1,256
2,4
3,3,4099328
3,255,2972672
3,1,2972672
3,12,4613120
4,1
5,255,4105474
1,256
2,4
3,3,4099328
3,255,2972672
3,1,2972672
3,12,4613122
4,1
5,255,4105474
1,256
2,5
3,16,2972416
3,2,2972416
3,255,2972416
3,0,2972416
3,8,2972416
4,1
5,255,4099072
1,256
2,5
3,2,2972416
3,16,2972416
3,255,2972416
3,0,2972416
3,8,2972416
4,1
5,255,4099072
1,256
2,5
3,20,2972672
3,3,2972672
3,255,2972672
3,1,2972672
3,12,2972672
4,1
5,255,4099328
