0,342
1,8
2,0
4,1
5,255,4610560
1,4
2,0
4,1
5,255,4611586
1,1
2,0
4,1
5,255,4611584
1,2
2,0
4,1
5,255,4610562
1,72
2,2
3,6,2974976
3,3,2974978
4,1
5,255,4610816
1,72
2,2
3,3,2974978
3,6,2974976
4,1
5,255,4610816
1,68
2,2
3,6,2974978
3,2,2974976
4,1
5,255,4611840
1,68
2,2
3,2,2974976
3,6,2974978
4,1
5,255,4611840
1,65
2,0
4,1
5,255,4611584
1,66
2,0
4,1
5,255,4610562
1,136
2,2
3,3,2975232
3,7,2975234
4,1
5,255,4612608
1,136
2,2
3,7,2975234
3,3,2975232
4,1
5,255,4612608
1,12
2,0
4,1
5,255,2972930
1,9
2,0
4,1
5,255,2970880
1,40
2,0
4,1
5,255,4610560
1,10
2,0
4,1
5,255,2972672
1,24
2,0
4,1
5,255,4610560
1,132
2,0
4,1
5,255,4611586
1,129
2,2
3,7,2975232
3,0,2975234
4,1
5,255,4610304
1,129
2,2
3,0,2975234
3,7,2975232
4,1
5,255,4610304
1,130
2,0
4,1
5,255,4610562
1,5
2,0
4,1
5,255,2972416
1,36
2,2
3,2,2975232
3,5,2975234
4,1
5,255,4610306
1,36
2,2
3,5,2975234
3,2,2975232
4,1
5,255,4610306
1,6
2,0
4,1
5,255,2970882
1,20
2,0
4,1
5,255,4611586
1,33
2,0
4,1
5,255,4611584
1,3
2,0
4,1
5,255,2972928
1,17
2,2
3,0,2974978
3,4,2974976
4,1
5,255,4611842
1,17
2,2
3,4,2974976
3,0,2974978
4,1
5,255,4611842
1,34
2,2
3,5,2975232
3,1,2975234
4,1
5,255,4612610
1,34
2,2
3,1,2975234
3,5,2975232
4,1
5,255,4612610
1,18
2,2
3,1,2974976
3,4,2974978
4,1
5,255,4610818
1,18
2,2
3,4,2974978
3,1,2974976
4,1
5,255,4610818
1,200
2,2
3,6,2974976
3,3,2974978
4,1
5,255,4610816
1,200
2,2
3,3,2974978
3,6,2974976
4,1
5,255,4610816
1,200
2,2
3,3,2975232
3,7,2975234
4,1
5,255,4612608
1,200
2,2
3,7,2975234
3,3,2975232
4,1
5,255,4612608
1,73
2,2
3,6,2974976
3,3,2974978
4,1
5,255,2974976
1,73
2,2
3,3,2974978
3,6,2974976
4,1
5,255,2974976
1,104
2,2
3,6,2974976
3,3,2974978
4,1
5,255,4610816
1,104
2,2
3,3,2974978
3,6,2974976
4,1
5,255,4610816
1,74
2,0
4,1
5,255,2972672
1,88
2,2
3,6,2974976
3,3,2974978
4,1
5,255,4610816
1,88
2,2
3,3,2974978
3,6,2974976
4,1
5,255,4610816
1,196
2,2
3,6,2974978
3,2,2974976
4,1
5,255,4611840
1,196
2,2
3,2,2974976
3,6,2974978
4,1
5,255,4611840
1,193
2,2
3,7,2975232
3,0,2975234
4,1
5,255,4610304
1,193
2,2
3,0,2975234
3,7,2975232
4,1
5,255,4610304
1,194
2,0
4,1
5,255,4610562
1,69
2,0
4,1
5,255,2972416
1,100
2,2
3,6,2974978
3,2,2974976
4,1
5,255,4611840
1,100
2,2
3,2,2974976
3,6,2974978
4,1
5,255,4611840
1,100
2,2
3,2,2975232
3,5,2975234
4,1
5,255,4610306
1,100
2,2
3,5,2975234
3,2,2975232
4,1
5,255,4610306
1,70
2,2
3,6,2974978
3,2,2974976
4,1
5,255,2974978
1,70
2,2
3,2,2974976
3,6,2974978
4,1
5,255,2974978
1,84
2,2
3,6,2974978
3,2,2974976
4,1
5,255,4611840
1,84
2,2
3,2,2974976
3,6,2974978
4,1
5,255,4611840
1,97
2,0
4,1
5,255,4611584
1,67
2,0
4,1
5,255,2972928
1,81
2,2
3,0,2974978
3,4,2974976
4,1
5,255,4611842
1,81
2,2
3,4,2974976
3,0,2974978
4,1
5,255,4611842
1,98
2,2
3,5,2975232
3,1,2975234
4,1
5,255,4612610
1,98
2,2
3,1,2975234
3,5,2975232
4,1
5,255,4612610
1,82
2,2
3,1,2974976
3,4,2974978
4,1
5,255,4610818
1,82
2,2
3,4,2974978
3,1,2974976
4,1
5,255,4610818
1,140
2,2
3,3,2975232
3,7,2975234
4,1
5,255,2975234
1,140
2,2
3,7,2975234
3,3,2975232
4,1
5,255,2975234
1,168
2,2
3,3,2975232
3,7,2975234
4,1
5,255,4612608
1,168
2,2
3,7,2975234
3,3,2975232
4,1
5,255,4612608
1,138
2,0
4,1
5,255,2972672
1,152
2,2
3,3,2975232
3,7,2975234
4,1
5,255,4612608
1,152
2,2
3,7,2975234
3,3,2975232
4,1
5,255,4612608
1,13
2,3
3,2,2972416
3,0,2972416
3,3,2972672
4,1
5,255,84994
1,13
2,3
3,0,2972416
3,2,2972416
3,3,2972672
4,1
5,255,84994
1,44
2,2
3,2,2975232
3,5,2975234
4,1
5,255,2975234
1,44
2,2
3,5,2975234
3,2,2975232
4,1
5,255,2975234
1,14
2,3
3,3,2972672
3,1,2972672
3,2,2972416
4,1
5,255,84226
1,14
2,3
3,1,2972672
3,3,2972672
3,2,2972416
4,1
5,255,84226
1,28
2,0
4,1
5,255,2972930
1,41
2,0
4,1
5,255,2970880
1,11
2,3
3,3,2972672
3,1,2972672
3,0,2972416
4,1
5,255,84224
1,11
2,3
3,1,2972672
3,3,2972672
3,0,2972416
4,1
5,255,84224
1,25
2,2
3,0,2974978
3,4,2974976
4,1
5,255,2974976
1,25
2,2
3,4,2974976
3,0,2974978
4,1
5,255,2974976
1,42
2,0
4,1
5,255,2972672
1,56
2,0
4,1
5,255,4610560
1,26
2,0
4,1
5,255,2972672
1,133
2,0
4,1
5,255,2972416
1,164
2,2
3,2,2975232
3,5,2975234
4,1
5,255,4610306
1,164
2,2
3,5,2975234
3,2,2975232
4,1
5,255,4610306
1,134
2,0
4,1
5,255,2970882
1,148
2,0
4,1
5,255,4611586
1,161
2,2
3,7,2975232
3,0,2975234
4,1
5,255,4610304
1,161
2,2
3,0,2975234
3,7,2975232
4,1
5,255,4610304
1,131
2,2
3,7,2975232
3,0,2975234
4,1
5,255,2975232
1,131
2,2
3,0,2975234
3,7,2975232
4,1
5,255,2975232
1,145
2,2
3,7,2975232
3,0,2975234
4,1
5,255,4610304
1,145
2,2
3,0,2974978
3,4,2974976
4,1
5,255,4611842
1,145
2,2
3,0,2975234
3,7,2975232
4,1
5,255,4610304
1,145
2,2
3,4,2974976
3,0,2974978
4,1
5,255,4611842
1,162
2,2
3,5,2975232
3,1,2975234
4,1
5,255,4612610
1,162
2,2
3,1,2975234
3,5,2975232
4,1
5,255,4612610
1,146
2,2
3,1,2974976
3,4,2974978
4,1
5,255,4610818
1,146
2,2
3,4,2974978
3,1,2974976
4,1
5,255,4610818
1,37
2,0
4,1
5,255,2972416
1,7
2,3
3,2,2972416
3,0,2972416
3,1,2972672
4,1
5,255,84992
1,7
2,3
3,0,2972416
3,2,2972416
3,1,2972672
4,1
5,255,84992
1,21
2,0
4,1
5,255,2972416
1,52
2,2
3,2,2975232
3,5,2975234
4,1
5,255,4610306
1,52
2,2
3,5,2975234
3,2,2975232
4,1
5,255,4610306
1,22
2,2
3,1,2974976
3,4,2974978
4,1
5,255,2974978
1,22
2,2
3,4,2974978
3,1,2974976
4,1
5,255,2974978
1,35
2,2
3,5,2975232
3,1,2975234
4,1
5,255,2975232
1,35
2,2
3,1,2975234
3,5,2975232
4,1
5,255,2975232
1,49
2,2
3,0,2974978
3,4,2974976
4,1
5,255,4611842
1,49
2,2
3,4,2974976
3,0,2974978
4,1
5,255,4611842
1,50
2,2
3,5,2975232
3,1,2975234
4,1
5,255,4612610
1,50
2,2
3,1,2974976
3,4,2974978
4,1
5,255,4610818
1,50
2,2
3,1,2975234
3,5,2975232
4,1
5,255,4612610
1,50
2,2
3,4,2974978
3,1,2974976
4,1
5,255,4610818
1,232
2,2
3,6,2974976
3,3,2974978
4,1
5,255,4610816
1,232
2,2
3,3,2974978
3,6,2974976
4,1
5,255,4610816
1,232
2,2
3,3,2975232
3,7,2975234
4,1
5,255,4612608
1,232
2,2
3,7,2975234
3,3,2975232
4,1
5,255,4612608
1,202
2,0
4,1
5,255,2972672
1,216
2,2
3,6,2974976
3,3,2974978
4,1
5,255,4610816
1,216
2,2
3,3,2974978
3,6,2974976
4,1
5,255,4610816
1,216
2,2
3,3,2975232
3,7,2975234
4,1
5,255,4612608
1,216
2,2
3,7,2975234
3,3,2975232
4,1
5,255,4612608
1,77
2,2
3,2,2972416
3,6,2974976
4,1
5,255,4613376
1,77
2,2
3,0,2972416
3,3,2975234
4,1
5,255,2972416
1,78
2,2
3,3,2972672
3,6,2974978
4,1
5,255,4613122
1,78
2,2
3,1,2972672
3,2,2975234
4,1
5,255,2972672
1,105
2,2
3,6,2974976
3,3,2974978
4,1
5,255,2974976
1,105
2,2
3,3,2974978
3,6,2974976
4,1
5,255,2974976
1,89
2,0
4,1
5,255,2974976
1,106
2,2
3,3,2974978
3,1,2975234
4,1
5,255,2975490
1,106
2,2
3,1,2975234
3,3,2974978
4,1
5,255,2975490
1,120
2,2
3,6,2974976
3,3,2974978
4,1
5,255,4610816
1,120
2,2
3,3,2974978
3,6,2974976
4,1
5,255,4610816
1,197
2,2
3,2,2974976
3,0,2975234
4,1
5,255,2974720
1,197
2,2
3,0,2975234
3,2,2974976
4,1
5,255,2974720
1,228
2,2
3,6,2974978
3,2,2974976
4,1
5,255,4611840
1,228
2,2
3,2,2974976
3,6,2974978
4,1
5,255,4611840
1,228
2,2
3,2,2975232
3,5,2975234
4,1
5,255,4610306
1,228
2,2
3,5,2975234
3,2,2975232
4,1
5,255,4610306
1,198
2,2
3,6,2974978
3,2,2974976
4,1
5,255,2974978
1,198
2,2
3,2,2974976
3,6,2974978
4,1
5,255,2974978
1,212
2,2
3,6,2974978
3,2,2974976
4,1
5,255,4611840
1,212
2,2
3,2,2974976
3,6,2974978
4,1
5,255,4611840
1,225
2,2
3,7,2975232
3,0,2975234
4,1
5,255,4610304
1,225
2,2
3,0,2975234
3,7,2975232
4,1
5,255,4610304
1,195
2,2
3,7,2975232
3,0,2975234
4,1
5,255,2975232
1,195
2,2
3,0,2975234
3,7,2975232
4,1
5,255,2975232
1,209
2,2
3,7,2975232
3,0,2975234
4,1
5,255,4610304
1,209
2,2
3,0,2974978
3,4,2974976
4,1
5,255,4611842
1,209
2,2
3,0,2975234
3,7,2975232
4,1
5,255,4610304
1,209
2,2
3,4,2974976
3,0,2974978
4,1
5,255,4611842
1,226
2,2
3,5,2975232
3,1,2975234
4,1
5,255,4612610
1,226
2,2
3,1,2975234
3,5,2975232
4,1
5,255,4612610
1,210
2,2
3,1,2974976
3,4,2974978
4,1
5,255,4610818
1,210
2,2
3,4,2974978
3,1,2974976
4,1
5,255,4610818
1,101
2,0
4,1
5,255,2972416
1,116
2,2
3,6,2974978
3,2,2974976
4,1
5,255,4611840
1,116
2,2
3,2,2974976
3,6,2974978
4,1
5,255,4611840
1,116
2,2
3,2,2975232
3,5,2975234
4,1
5,255,4610306
1,116
2,2
3,5,2975234
3,2,2975232
4,1
5,255,4610306
1,86
2,0
4,1
5,255,2974978
1,99
2,2
3,5,2975232
3,1,2975234
4,1
5,255,2975232
1,99
2,2
3,1,2975234
3,5,2975232
4,1
5,255,2975232
1,113
2,2
3,0,2974978
3,4,2974976
4,1
5,255,4611842
1,113
2,2
3,4,2974976
3,0,2974978
4,1
5,255,4611842
1,114
2,2
3,5,2975232
3,1,2975234
4,1
5,255,4612610
1,114
2,2
3,1,2974976
3,4,2974978
4,1
5,255,4610818
1,114
2,2
3,1,2975234
3,5,2975232
4,1
5,255,4612610
1,114
2,2
3,4,2974978
3,1,2974976
4,1
5,255,4610818
1,141
2,2
3,2,2972416
3,3,2974976
4,1
5,255,2972416
1,141
2,2
3,0,2972416
3,7,2975234
4,1
5,255,2983168
1,172
2,0
4,1
5,255,2975234
1,156
2,2
3,3,2975232
3,7,2975234
4,1
5,255,2975234
1,156
2,2
3,7,2975234
3,3,2975232
4,1
5,255,2975234
1,139
2,2
3,3,2972672
3,7,2975232
4,1
5,255,2983426
1,139
2,2
3,1,2972672
3,0,2974976
4,1
5,255,2972672
1,184
2,2
3,3,2975232
3,7,2975234
4,1
5,255,4612608
1,184
2,2
3,7,2975234
3,3,2975232
4,1
5,255,4612608
1,154
2,2
3,3,2975232
3,1,2974976
4,1
5,255,2975488
1,154
2,2
3,1,2974976
3,3,2975232
4,1
5,255,2975488
1,15
2,4
3,3,2972672
3,2,2972416
3,0,2972416
3,1,2972672
4,1
5,255,85248
1,15
2,4
3,3,2972672
3,0,2972416
3,2,2972416
3,1,2972672
4,1
5,255,85248
1,15
2,4
3,2,2972416
3,3,2972672
3,1,2972672
3,0,2972416
4,1
5,255,85248
1,15
2,4
3,2,2972416
3,1,2972672
3,3,2972672
3,0,2972416
4,1
5,255,85248
1,15
2,4
3,0,2972416
3,3,2972672
3,1,2972672
3,2,2972416
4,1
5,255,85248
1,15
2,4
3,0,2972416
3,1,2972672
3,3,2972672
3,2,2972416
4,1
5,255,85248
1,15
2,4
3,1,2972672
3,2,2972416
3,0,2972416
3,3,2972672
4,1
5,255,85248
1,15
2,4
3,1,2972672
3,0,2972416
3,2,2972416
3,3,2972672
4,1
5,255,85248
1,46
2,2
3,3,2972672
3,2,2974978
4,1
5,255,2972672
1,46
2,2
3,1,2972672
3,5,2975234
4,1
5,255,2983424
1,60
2,2
3,2,2975232
3,5,2975234
4,1
5,255,2975234
1,60
2,2
3,5,2975234
3,2,2975232
4,1
5,255,2975234
1,57
2,2
3,0,2974978
3,4,2974976
4,1
5,255,2974976
1,57
2,2
3,4,2974976
3,0,2974978
4,1
5,255,2974976
1,27
2,2
3,3,2972672
3,0,2975232
4,1
5,255,2972672
1,27
2,2
3,1,2972672
3,4,2974976
4,1
5,255,4613120
1,58
2,0
4,1
5,255,2972672
1,149
2,0
4,1
5,255,2972416
1,180
2,2
3,2,2975232
3,5,2975234
4,1
5,255,4610306
1,180
2,2
3,5,2975234
3,2,2975232
4,1
5,255,4610306
1,150
2,2
3,1,2974976
3,4,2974978
4,1
5,255,2974978
1,150
2,2
3,4,2974978
3,1,2974976
4,1
5,255,2974978
1,163
2,0
4,1
5,255,2975232
1,177
2,2
3,7,2975232
3,0,2975234
4,1
5,255,4610304
1,177
2,2
3,0,2974978
3,4,2974976
4,1
5,255,4611842
1,177
2,2
3,0,2975234
3,7,2975232
4,1
5,255,4610304
1,177
2,2
3,4,2974976
3,0,2974978
4,1
5,255,4611842
1,178
2,2
3,5,2975232
3,1,2975234
4,1
5,255,4612610
1,178
2,2
3,1,2974976
3,4,2974978
4,1
5,255,4610818
1,178
2,2
3,1,2975234
3,5,2975232
4,1
5,255,4612610
1,178
2,2
3,4,2974978
3,1,2974976
4,1
5,255,4610818
1,39
2,2
3,2,2972416
3,5,2975232
4,1
5,255,2983170
1,39
2,2
3,0,2972416
3,1,2974978
4,1
5,255,2972416
1,53
2,2
3,2,2975232
3,0,2974978
4,1
5,255,2974722
1,53
2,2
3,0,2974978
3,2,2975232
4,1
5,255,2974722
1,23
2,2
3,2,2972416
3,1,2975232
4,1
5,255,2972416
1,23
2,2
3,0,2972416
3,4,2974978
4,1
5,255,4613378
1,236
2,2
3,3,2974464
3,2,2975232
4,1
5,255,2975234
1,236
2,2
3,3,2983170
3,2,2975232
4,1
5,255,2975234
1,236
2,2
3,2,2974210
3,3,2975232
4,1
5,255,2975234
1,236
2,2
3,2,2983426
3,3,2975232
4,1
5,255,2975234
1,206
2,2
3,1,2972672
3,2,2975234
4,1
5,255,2972672
1,203
2,2
3,1,2972672
3,0,2974976
4,1
5,255,2972672
1,217
2,2
3,3,2974464
3,0,2974978
4,1
5,255,2974976
1,217
2,2
3,3,4613378
3,0,2974978
4,1
5,255,2974976
1,217
2,2
3,0,2974208
3,3,2974978
4,1
5,255,2974976
1,217
2,2
3,0,4613122
3,3,2974978
4,1
5,255,2974976
1,248
2,2
3,6,2974976
3,3,2974978
4,1
5,255,4610816
1,248
2,2
3,3,2974978
3,6,2974976
4,1
5,255,4610816
1,248
2,2
3,3,2975232
3,7,2975234
4,1
5,255,4612608
1,248
2,2
3,7,2975234
3,3,2975232
4,1
5,255,4612608
1,109
2,2
3,0,2972416
3,3,2975234
4,1
5,255,2972416
1,93
2,2
3,6,2974210
3,0,2974978
4,1
5,255,2974976
1,93
2,2
3,3,2974208
3,2,2975234
4,1
5,255,2974976
1,93
2,2
3,2,2972416
3,6,2974976
4,1
5,255,4613376
1,94
2,2
3,6,2974464
3,1,2974976
4,1
5,255,2974978
1,94
2,2
3,3,2972672
3,6,2974978
4,1
5,255,4613122
1,94
2,2
3,2,2974466
3,3,2975234
4,1
5,255,2974978
1,121
2,0
4,1
5,255,2974976
1,91
2,2
3,0,2974464
3,1,2975232
4,1
5,255,2974976
1,91
2,2
3,1,2972672
3,4,2974976
4,1
5,255,4613120
1,91
2,2
3,4,2974466
3,3,2974978
4,1
5,255,2974976
1,244
2,2
3,6,2974978
3,2,2974976
4,1
5,255,4611840
1,244
2,2
3,2,2974976
3,6,2974978
4,1
5,255,4611840
1,244
2,2
3,2,2975232
3,5,2975234
4,1
5,255,4610306
1,244
2,2
3,5,2975234
3,2,2975232
4,1
5,255,4610306
1,214
2,0
4,1
5,255,2974978
1,227
2,0
4,1
5,255,2975232
1,241
2,2
3,7,2975232
3,0,2975234
4,1
5,255,4610304
1,241
2,2
3,0,2974978
3,4,2974976
4,1
5,255,4611842
1,241
2,2
3,0,2975234
3,7,2975232
4,1
5,255,4610304
1,241
2,2
3,4,2974976
3,0,2974978
4,1
5,255,4611842
1,242
2,2
3,5,2975232
3,1,2975234
4,1
5,255,4612610
1,242
2,2
3,1,2974976
3,4,2974978
4,1
5,255,4610818
1,242
2,2
3,1,2975234
3,5,2975232
4,1
5,255,4612610
1,242
2,2
3,4,2974978
3,1,2974976
4,1
5,255,4610818
1,103
2,2
3,0,2972416
3,1,2974978
4,1
5,255,2972416
1,87
2,2
3,0,2972416
3,4,2974978
4,1
5,255,4613378
1,87
2,2
3,1,2974210
3,0,2975232
4,1
5,255,2974978
1,87
2,2
3,4,2974208
3,2,2974976
4,1
5,255,2974978
1,118
2,2
3,2,2974210
3,1,2974976
4,1
5,255,2974978
1,118
2,2
3,2,4613120
3,1,2974976
4,1
5,255,2974978
1,118
2,2
3,1,2974466
3,2,2974976
4,1
5,255,2974978
1,118
2,2
3,1,4613376
3,2,2974976
4,1
5,255,2974978
1,173
2,2
3,3,2974210
3,0,2974976
4,1
5,255,2975234
1,173
2,2
3,7,2974208
3,2,2975232
4,1
5,255,2975234
1,173
2,2
3,0,2972416
3,7,2975234
4,1
5,255,2983168
1,157
2,2
3,2,2972416
3,3,2974976
4,1
5,255,2972416
1,174
2,2
3,2,2974464
3,1,2974978
4,1
5,255,2975234
1,174
2,2
3,5,2974466
3,3,2975232
4,1
5,255,2975234
1,174
2,2
3,1,2972672
3,5,2975234
4,1
5,255,2983424
1,188
2,0
4,1
5,255,2975234
1,171
2,2
3,3,2972672
3,7,2975232
4,1
5,255,2983426
1,171
2,2
3,7,2974464
3,1,2975234
4,1
5,255,2975232
1,171
2,2
3,0,2974466
3,3,2974976
4,1
5,255,2975232
1,62
2,2
3,3,2972672
3,2,2974978
4,1
5,255,2972672
1,59
2,2
3,3,2972672
3,0,2975232
4,1
5,255,2972672
1,167
2,2
3,2,2972416
3,5,2975232
4,1
5,255,2983170
1,167
2,2
3,5,2974210
3,0,2975234
4,1
5,255,2975232
1,167
2,2
3,1,2974208
3,2,2974978
4,1
5,255,2975232
1,151
2,2
3,2,2972416
3,1,2975232
4,1
5,255,2972416
1,179
2,2
3,0,2974208
3,1,2975234
4,1
5,255,2975232
1,179
2,2
3,0,2983424
3,1,2975234
4,1
5,255,2975232
1,179
2,2
3,1,2974466
3,0,2975234
4,1
5,255,2975232
1,179
2,2
3,1,2983168
3,0,2975234
4,1
5,255,2975232
1,252
2,2
3,3,2974464
3,2,2975232
4,1
5,255,2975234
1,252
2,2
3,2,2974210
3,3,2975232
4,1
5,255,2975234
1,222
2,2
3,6,2974464
3,1,2974976
4,1
5,255,2974978
1,222
2,2
3,7,2972416
3,1,2974976
4,1
5,255,2974978
1,222
2,2
3,7,2975234
3,4,2974978
4,1
5,255,2974208
1,222
2,2
3,2,2974466
3,3,2975234
4,1
5,255,2974978
1,235
2,2
3,6,2972416
3,1,2975234
4,1
5,255,2975232
1,235
2,2
3,6,2974976
3,5,2975232
4,1
5,255,2974210
1,235
2,2
3,7,2974464
3,1,2975234
4,1
5,255,2975232
1,235
2,2
3,0,2974466
3,3,2974976
4,1
5,255,2975232
1,249
2,2
3,3,2974464
3,0,2974978
4,1
5,255,2974976
1,249
2,2
3,0,2974208
3,3,2974978
4,1
5,255,2974976
1,125
2,2
3,6,2974210
3,0,2974978
4,1
5,255,2974976
1,125
2,2
3,3,2974208
3,2,2975234
4,1
5,255,2974976
1,125
2,2
3,5,2972672
3,0,2974978
4,1
5,255,2974976
1,125
2,2
3,5,2975234
3,4,2974976
4,1
5,255,2974466
1,123
2,2
3,0,2974464
3,1,2975232
4,1
5,255,2974976
1,123
2,2
3,5,2972416
3,3,2974978
4,1
5,255,2974976
1,123
2,2
3,5,2975232
3,6,2974976
4,1
5,255,2974210
1,123
2,2
3,4,2974466
3,3,2974978
4,1
5,255,2974976
1,231
2,2
3,6,2972672
3,0,2975234
4,1
5,255,2975232
1,231
2,2
3,6,2974978
3,7,2975232
4,1
5,255,2974464
1,231
2,2
3,5,2974210
3,0,2975234
4,1
5,255,2975232
1,231
2,2
3,1,2974208
3,2,2974978
4,1
5,255,2975232
1,215
2,2
3,7,2972672
3,2,2974976
4,1
5,255,2974978
1,215
2,2
3,7,2975232
3,6,2974978
4,1
5,255,2974464
1,215
2,2
3,1,2974210
3,0,2975232
4,1
5,255,2974978
1,215
2,2
3,4,2974208
3,2,2974976
4,1
5,255,2974978
1,246
2,2
3,2,2974210
3,1,2974976
4,1
5,255,2974978
1,246
2,2
3,1,2974466
3,2,2974976
4,1
5,255,2974978
1,243
2,2
3,0,2974208
3,1,2975234
4,1
5,255,2975232
1,243
2,2
3,1,2974466
3,0,2975234
4,1
5,255,2975232
1,189
2,2
3,3,2974210
3,0,2974976
4,1
5,255,2975234
1,189
2,2
3,7,2974208
3,2,2975232
4,1
5,255,2975234
1,189
2,2
3,4,2972672
3,2,2975232
4,1
5,255,2975234
1,189
2,2
3,4,2974976
3,5,2975234
4,1
5,255,2974466
1,190
2,2
3,2,2974464
3,1,2974978
4,1
5,255,2975234
1,190
2,2
3,5,2974466
3,3,2975232
4,1
5,255,2975234
1,190
2,2
3,4,2972416
3,3,2975232
4,1
5,255,2975234
1,190
2,2
3,4,2974978
3,7,2975234
4,1
5,255,2974208
1,253
2,2
3,5,2975234
3,4,2974976
4,1
5,255,2974466
1,253
2,2
3,4,2974976
3,5,2975234
4,1
5,255,2974466
1,254
2,2
3,7,2975234
3,4,2974978
4,1
5,255,2974208
1,254
2,2
3,4,2974978
3,7,2975234
4,1
5,255,2974208
1,251
2,2
3,6,2974976
3,5,2975232
4,1
5,255,2974210
1,251
2,2
3,5,2975232
3,6,2974976
4,1
5,255,2974210
1,247
2,2
3,6,2974978
3,7,2975232
4,1
5,255,2974464
1,247
2,2
3,7,2975232
3,6,2974978
4,1
5,255,2974464
